3937
381 381
0 0 11.7686
0 31 0.340269
0 32 0.290389
0 35 0.47422
0 36 1.04854
0 39 -0.205452
0 97 0.0968451
0 102 -0.127795
0 106 -3.48088
0 107 -2.39595
0 114 -3.28461
0 115 -4.28147
0 122 -0.722755
0 233 -0.104854
0 301 -0.471708
0 304 -0.135622
0 321 0.72625
0 324 0.40661
0 325 0.105552
0 337 -0.0393507
0 357 1.6812
0 377 -1.67083
1 1 5.25563
1 30 0.102635
1 41 0.280859
1 42 -0.056844
1 45 0.222599
1 96 -0.184789
1 103 -1.45463
1 126 -1.10845
1 127 -0.437645
1 134 -0.902153
1 251 -0.0465968
1 263 0.00188284
1 297 0.89688
1 300 0.792454
1 340 0.042329
1 353 -3.40323
2 2 7.00837
2 33 0.165645
2 40 0.468099
2 47 0.426259
2 49 0.484014
2 51 0.20343
2 99 -0.0115988
2 110 -1.4658
2 123 -1.89155
2 138 -1.7349
2 142 -1.95419
2 146 -1.7108
2 260 -0.0537335
2 275 -0.0683303
2 287 0.046912
2 309 0.146519
2 312 0.0597251
2 343 0.00535506
2 365 -0.117625
3 3 1
4 4 1
5 5 1
6 6 1
7 7 1
8 8 1
9 9 1
10 10 8.84508
10 30 0.166704
10 31 0.245601
10 82 -0.544285
10 92 0.514909
10 93 0.29955
10 96 0.0785553
10 97 -0.26636
10 104 -2.11977
10 105 -2.53606
10 207 0.0705168
10 227 -2.03767
10 229 -1.20497
10 297 -0.358397
10 298 -0.172037
10 301 1.23281
10 302 1.19413
10 338 0.0572688
10 341 -0.0323582
10 346 0.00852809
10 354 1.40778
10 358 -4.84491
11 11 8.1627
11 32 0.251594
11 33 0.209543
11 88 -0.54398
11 92 0.608529
11 94 0.386518
11 99 -0.122211
11 102 -0.0356948
11 108 -2.04234
11 109 -1.86107
11 219 -0.252361
11 228 -2.46233
11 231 -1.54469
11 311 0.649057
11 312 0.417676
11 323 0.299651
11 324 0.127747
11 339 -0.0106264
11 344 -0.0453015
11 348 -0.0614205
11 368 -1.64794
11 380 -0.466058
12 12 22.98
12 34 0.747585
12 35 0.61382
12 87 0.339724
12 89 -0.655924
12 90 2.69595
12 101 -0.329715
12 102 -0.0408533
12 112 -5.75059
12 113 -4.468
12 217 -6.14585
12 221 3.23174
12 223 -11.0308
12 319 1.07676
12 320 1.77816
12 321 0.496195
12 322 0.108136
12 326 -0.198442
12 329 0.155984
12 334 -0.184344
12 376 -4.56372
12 378 -0.81458
13 13 8.51135
13 36 0.85278
13 37 0.589509
13 66 0.232617
13 67 0.297886
13 89 -0.393555
13 91 1.23335
13 116 -3.25907
13 117 -2.46645
13 175 -0.926568
13 177 -1.23169
13 222 0.934922
13 225 -4.58687
13 234 0.00296983
13 237 -0.127162
13 242 -0.0722355
13 327 0.166848
13 332 0.0519948
13 336 0.184688
14 14 4.4233
14 38 -0.0437668
14 39 -0.102315
14 66 0.180924
14 68 0.19977
14 83 0.0893589
14 97 -0.157391
14 98 0.0141225
14 120 -0.160909
14 121 -0.61492
14 176 -0.740099
14 179 -0.824577
14 209 -1.65315
14 235 0.0643844
14 240 -0.0762969
14 244 -0.00761872
14 303 0.471319
14 304 0.804768
14 305 0.0102362
14 306 -0.0795282
14 360 -2.0128
14 362 0.220041
15 15 5.25938
15 40 0.405686
15 41 0.343273
15 73 0.226785
15 74 0.209803
15 93 0.268365
15 94 0.292963
15 124 -1.60845
15 125 -1.39155
15 190 -0.912203
15 192 -0.837453
15 230 -1.07493
15 232 -1.17541
15 262 -0.00675895
15 265 -0.0450918
15 267 -0.038309
15 342 -0.00259228
15 345 0.0502763
15 347 0.0362257
16 16 1.11105
16 42 -0.0208742
16 43 -0.0047012
16 69 0.0691667
16 71 0.0380743
16 81 0.00967651
16 95 -0.0258232
16 96 0.0261541
16 128 -0.221184
16 129 -0.0524139
16 182 -0.292307
16 185 -0.160663
16 205 -0.438252
16 247 -0.020961
16 252 0.0213806
16 256 0.00664889
16 293 0.104478
16 294 0.135697
16 299 -0.0829902
16 300 -0.0572832
16 350 -0.489384
16 356 0.344908
17 17 2.20908
17 44 0.116541
17 45 0.177369
17 70 0.0713865
17 71 0.05881
17 72 0.171636
17 74 0.137038
17 132 -0.483341
17 133 -0.696988
17 184 -0.2782
17 186 -0.230197
17 188 -0.679224
17 191 -0.549313
17 250 -0.0493021
17 253 -0.00551821
17 255 -0.0219185
17 259 -0.0134042
17 264 0.0306221
17 268 0.0353365
18 18 3.14004
18 46 0.157967
18 47 0.284314
18 72 0.202843
18 73 0.174811
18 75 0.115528
18 77 0.107075
18 136 -0.653715
18 137 -1.09509
18 187 -0.820776
18 189 -0.701031
18 194 -0.454617
18 197 -0.44897
18 258 -0.0374048
18 261 0.042871
18 266 0.0133892
18 271 -0.0640625
18 276 0.0452734
18 280 -0.00846173
19 19 4.96007
19 48 0.27101
19 49 0.393099
19 76 0.305247
19 77 0.127811
19 78 0.548154
19 80 -0.00130208
19 140 -1.10193
19 141 -1.52251
19 196 -1.30301
19 198 -0.493503
19 200 -2.066
19 203 -0.209479
19 274 -0.0924036
19 277 0.00587465
19 279 -0.0495291
19 283 0.0231088
19 288 0.0930592
19 292 0.109476
20 20 13.0219
20 50 0.294707
20 51 0.254026
20 79 1.1982
20 80 -0.00217014
20 85 0.0705998
20 99 -0.188171
20 100 0.0353418
20 144 -3.00767
20 145 -2.30921
20 202 -4.88446
20 204 0.209479
20 213 -3.45178
20 286 0.0693264
20 289 -0.11636
20 291 -0.100064
20 309 0.913635
20 310 0.848508
20 315 -0.115952
20 316 0.0936852
20 366 -3.38463
20 372 0.570436
21 21 1
22 22 1
23 23 1
24 24 1
25 25 1
26 26 1
27 27 1
28 28 2.85546
28 81 0.0271056
28 82 -0.285159
28 83 0.0533594
28 84 -0.121106
28 95 0.0103752
28 96 -0.102632
28 97 0.037802
28 98 -0.0518013
28 206 -0.840182
28 208 -0.12191
28 210 -1.03854
28 212 0.108237
28 294 -0.0527043
28 295 -0.011323
28 298 0.514599
28 299 0.304945
28 302 -0.0553961
28 303 -0.136549
28 306 0.256599
28 307 0.232366
28 351 0.182245
28 355 -1.28945
28 359 0.536458
28 363 -1.0085
29 29 14.3442
29 85 0.150388
29 86 -1.1564
29 87 0.240611
29 88 -0.809522
29 99 -0.00947279
29 100 -0.306241
29 101 0.00215695
29 102 -0.204108
29 214 -4.52309
29 216 -0.0560154
29 218 -4.91943
29 220 0.285872
29 310 0.0159581
29 311 0.282735
29 314 1.56589
29 315 1.05016
29 318 0.329349
29 319 -0.0362395
29 322 0.884648
29 323 1.06087
29 367 -0.247999
29 371 -4.27624
29 375 0.0923022
29 379 -3.71085
30 1 0.102635
30 10 0.166704
30 30 7.03153
30 41 0.221588
30 42 0.0678599
30 82 -0.224099
30 93 0.390082
30 96 -0.39813
30 103 -1.59075
30 104 -1.94822
30 126 -0.0289271
30 127 -0.302381
30 207 1.06013
30 229 0.0498206
30 297 -0.124474
30 298 0.983644
30 300 -0.170696
30 340 -0.891948
30 341 -1.54181
30 342 0.00522717
30 353 1.24097
30 354 -4.09591
31 0 0.340269
31 10 0.245601
31 31 10.9052
31 32 0.655339
31 39 -0.311976
31 82 0.0882616
31 92 0.387907
31 97 -0.720913
31 105 -2.74706
31 106 -3.22643
31 107 0.0646736
31 122 1.41607
31 207 -0.414923
31 227 -0.0358328
31 301 0.340441
31 302 -0.16087
31 304 1.42662
31 337 -2.59603
31 338 -1.55966
31 339 0.0117856
31 357 -5.65703
31 358 1.55553
32 0 0.290389
32 11 0.251594
32 31 0.655339
32 32 8.90297
32 35 -0.0484295
32 88 -0.125834
32 92 0.4229
32 102 -0.646807
32 106 -0.0185521
32 107 -2.29617
32 108 -2.14292
32 114 0.160788
32 219 0.416391
32 228 -0.0423478
32 321 0.3803
32 323 0.690801
32 324 -0.101666
32 337 -2.65397
32 338 -0.0651988
32 339 -1.69
32 377 -0.646745
32 380 -1.6732
33 2 0.165645
33 11 0.209543
33 33 7.26151
33 40 0.33974
33 51 -0.116341
33 88 -0.0232271
33 94 0.546115
33 99 -0.44286
33 109 -1.76357
33 110 -1.55637
33 123 -0.0482118
33 146 0.407375
33 219 0.0934907
33 231 -0.00265738
33 309 0.599648
33 311 0.220711
33 312 -0.379675
33 343 -1.35771
33 344 -2.20819
33 345 -0.0575987
33 365 -1.58684
33 368 -0.286318
34 12 0.747585
34 34 30.3089
34 87 -0.0170442
34 90 -0.86582
34 101 0.502894
34 111 -7.20519
34 112 -5.72357
34 217 0.535761
34 223 -0.221726
34 317 1.65637
34 319 -0.0345641
34 320 -8.55883
34 328 -14.2303
34 329 4.12784
34 330 -0.203636
34 373 -7.0334
34 376 -0.408732
35 0 0.47422
35 12 0.61382
35 32 -0.0484295
35 35 16.8425
35 36 -0.472266
35 87 -0.210065
35 89 1.99429
35 102 0.210149
35 107 0.420151
35 113 -4.44724
35 114 -3.34292
35 115 -0.175549
35 217 1.16207
35 221 0.130964
35 321 -4.25289
35 322 0.677168
35 324 0.173543
35 325 2.43982
35 326 -8.20635
35 327 -0.165443
35 377 -0.940957
35 378 -2.84271
36 0 1.04854
36 13 0.85278
36 35 -0.472266
36 36 11.3265
36 39 0.310156
36 66 0.443036
36 89 1.56079
36 114 0.145518
36 115 -4.08481
36 116 -3.50937
36 122 -0.0183609
36 175 -0.116203
36 222 0.0785781
36 233 -1.2336
36 234 -1.81659
36 235 -0.0843657
36 325 1.31018
36 326 0.16735
36 327 -5.91135
37 13 0.589509
37 37 4.88021
37 67 0.129232
37 91 -0.288607
37 117 -2.16249
37 118 -1.15269
37 177 0.0246912
37 225 0.18857
37 236 -0.480131
37 237 -0.515367
37 238 -0.0597147
37 331 -2.88739
37 332 0.455497
37 333 0.202417
38 14 -0.0437668
38 38 1.70676
38 68 0.0775391
38 83 -0.0661369
38 98 0.0353601
38 119 0.00471216
38 120 -0.313902
38 179 0.045788
38 209 0.347273
38 239 -0.242806
38 240 -0.317966
38 241 -0.0170146
38 305 -0.625348
38 306 0.174806
38 308 -0.0146922
38 361 0.0124509
38 362 -0.747445
39 0 -0.205452
39 14 -0.102315
39 31 -0.311976
39 36 0.310156
39 39 8.35412
39 66 0.386391
39 83 0.0421337
39 97 0.156356
39 106 1.55479
39 115 0.0825901
39 121 -0.393391
39 122 -1.02248
39 176 -0.0903802
39 209 -0.0263385
39 233 -1.2664
39 234 0.00138649
39 235 -1.57301
39 301 0.990511
39 303 -0.218211
39 304 -3.20179
39 357 -4.17651
39 360 0.716907
40 2 0.468099
40 15 0.405686
40 33 0.33974
40 40 6.13594
40 47 0.263168
40 73 0.246186
40 94 0.315143
40 110 0.05425
40 123 -1.85845
40 124 -1.64155
40 138 -0.0110798
40 190 -0.0494126
40 232 0.00138139
40 260 -1.05801
40 261 -0.0446939
40 262 -0.983258
40 343 -1.36294
40 344 0.0422633
40 345 -1.26246
41 1 0.280859
41 15 0.343273
41 30 0.221588
41 41 4.38281
41 45 0.173421
41 74 0.190403
41 93 0.246186
41 103 -0.00656595
41 125 -1.35845
41 126 -1.14155
41 134 -0.0407709
41 192 -0.00243806
41 230 0.0463026
41 263 -0.691649
41 264 -0.0319242
41 265 -0.766398
41 340 -0.887403
41 341 0.0301881
41 342 -0.987883
42 1 -0.056844
42 16 -0.0208742
42 30 0.0678599
42 42 2.78626
42 45 0.0778177
42 71 0.16797
42 81 -0.0776633
42 96 0.0106746
42 103 -0.168856
42 127 -0.488482
42 128 -0.175685
42 134 0.029981
42 185 -0.0337138
42 205 0.326871
42 251 -0.324617
42 252 -0.691591
42 253 0.0118498
42 297 -0.218293
42 299 0.385412
42 300 -1.08931
42 353 0.918149
42 356 -1.43604
43 16 -0.0047012
43 43 0.264062
43 69 0.0121547
43 81 0.0075561
43 95 0.00332976
43 129 -0.0796758
43 130 -0.00540064
43 182 0.0126499
43 205 -0.0136683
43 245 -0.0596891
43 246 0.00131773
43 247 -0.0522654
43 293 -0.110566
43 294 -0.0225279
43 296 0.0279176
43 349 -0.0920931
43 350 0.0955812
44 17 0.116541
44 44 1.20848
44 46 0.0936198
44 70 0.0328904
44 72 0.0902611
44 131 -0.180185
44 132 -0.448417
44 135 -0.0209826
44 184 0.00546595
44 188 0.033923
44 248 -0.0997496
44 249 -0.0163017
44 250 -0.131824
44 257 -0.370862
44 258 0.0319054
44 259 -0.361292
45 1 0.222599
45 17 0.177369
45 41 0.173421
45 42 0.0778177
45 45 2.98524
45 71 0.105135
45 74 0.234049
45 126 0.0273646
45 127 -0.0164373
45 133 -0.723997
45 134 -0.883059
45 186 -0.047982
45 191 -0.00578238
45 251 -0.300792
45 252 -0.0274701
45 253 -0.414984
45 263 -0.695667
45 264 -0.925086
45 265 0.038811
46 18 0.157967
46 44 0.0936198
46 46 1.44728
46 72 0.0968483
46 75 0.0500523
46 131 -0.0293056
46 135 -0.206872
46 136 -0.593665
46 187 0.0400909
46 194 0.0350705
46 257 -0.379138
46 258 -0.389052
46 259 0.0173412
46 269 -0.133068
46 270 -0.0132972
46 271 -0.214009
47 2 0.426259
47 18 0.284314
47 40 0.263168
47 47 5.05724
47 49 0.17101
47 73 0.327669
47 77 0.206389
47 123 0.0456076
47 137 -1.16306
47 138 -1.65902
47 142 0.0554112
47 189 -0.0455475
47 197 -0.0661638
47 260 -1.05468
47 261 -1.32491
47 262 0.00939383
47 275 -0.711708
47 276 -0.817833
47 277 -0.00369132
48 19 0.27101
48 48 2.81339
48 76 0.070788
48 78 -0.000954861
48 139 -0.488304
48 140 -1.01811
48 196 0.0153866
48 200 0.106185
48 272 -0.535629
48 273 -0.0434167
48 274 -0.268568
48 281 -1.31183
48 282 0.118513
48 283 -0.230427
49 2 0.484014
49 19 0.393099
49 47 0.17101
49 49 6.62622
49 51 -0.0015625
49 77 0.456053
49 80 0.693683
49 138 -0.00350708
49 141 -1.59056
49 142 -1.90191
49 146 0.0801066
49 198 -0.080432
49 203 0.0349236
49 275 -0.662883
49 276 -0.0555113
49 277 -1.90373
49 287 -0.188531
49 288 -2.6535
49 289 0.100612
50 20 0.294707
50 50 17.4067
50 79 -0.00286458
50 85 -0.293626
50 100 0.131527
50 143 -3.81047
50 144 -2.97582
50 202 -0.130181
50 213 1.41133
50 284 -6.30529
50 285 -0.109795
50 286 0.230427
50 313 -0.316489
50 315 1.30314
50 316 -4.95429
50 369 1.36142
50 372 -5.23998
51 2 0.20343
51 20 0.254026
51 33 -0.116341
51 49 -0.0015625
51 51 9.45799
51 80 0.886351
51 85 0.00422184
51 99 0.02275
51 110 0.56977
51 142 -0.102713
51 145 -2.31577
51 146 -1.72674
51 204 0.058206
51 213 0.140661
51 287 0.188531
51 288 -0.0905057
51 289 -3.63029
51 309 -2.32066
51 310 0.00136812
51 312 0.538359
51 365 -2.11739
51 366 0.112608
52 52 1
53 53 1
54 54 1
55 55 1
56 56 1
57 57 1
58 58 1
59 59 1
60 60 1
61 61 1
62 62 1
63 63 1
64 64 1
65 65 1
66 13 0.232617
66 14 0.180924
66 36 0.443036
66 39 0.386391
66 66 5.27813
66 67 0.261977
66 68 0.235679
66 116 0.0728037
66 121 -0.00544944
66 175 -0.948432
66 176 -0.718234
66 177 -0.0176005
66 179 -0.0622537
66 233 0.0954792
66 234 -1.7314
66 235 -1.54566
66 242 -1.08161
66 243 -0.101729
66 244 -0.97466
67 13 0.297886
67 37 0.129232
67 66 0.261977
67 67 2.96895
67 68 0.103385
67 117 0.0634078
67 175 0.109172
67 177 -1.14963
67 178 -0.389764
67 180 -0.0501235
67 236 -0.0361969
67 237 -0.526299
67 238 -0.423541
67 242 -1.03706
67 243 -0.411201
67 244 0.0158813
68 14 0.19977
68 38 0.0775391
68 66 0.235679
68 67 0.103385
68 68 2.30918
68 120 0.0070714
68 176 0.0849115
68 178 -0.0266057
68 179 -0.794095
68 180 -0.333173
68 239 -0.0405323
68 240 -0.307034
68 241 -0.299397
68 242 0.0545979
68 243 -0.422133
68 244 -0.906668
69 16 0.0691667
69 43 0.0121547
69 69 0.578846
69 70 0.0225226
69 71 0.0480223
69 129 -0.00466816
69 181 -0.134104
69 182 -0.27004
69 183 -0.00394464
69 185 0.0303938
69 245 -0.008902
69 246 -0.0415452
69 247 -0.0453657
69 254 -0.0923696
69 255 0.0161544
69 256 -0.193235
70 17 0.0713865
70 44 0.0328904
70 69 0.0225226
70 70 0.923475
70 71 0.115968
70 132 0.019659
70 181 -0.0126019
70 183 -0.0706474
70 184 -0.289133
70 186 0.0442714
70 248 -0.00920701
70 249 -0.208519
70 250 -0.132474
70 254 -0.0885949
70 255 -0.445625
70 256 0.000398894
71 16 0.0380743
71 17 0.05881
71 42 0.16797
71 45 0.105135
71 69 0.0480223
71 70 0.115968
71 71 1.61273
71 128 -0.0104876
71 133 0.0247875
71 182 -0.018121
71 184 0.00128887
71 185 -0.145301
71 186 -0.242434
71 251 0.0425282
71 252 -0.662422
71 253 -0.423182
71 254 -0.0351316
71 255 -0.491721
71 256 -0.186598
72 17 0.171636
72 18 0.202843
72 44 0.0902611
72 46 0.0968483
72 72 2.62969
72 73 0.163026
72 74 0.148823
72 132 -0.0331707
72 136 -0.0176383
72 187 -0.804224
72 188 -0.695776
72 189 0.039397
72 191 0.00932873
72 257 -0.0377882
72 258 -0.390299
72 259 -0.359357
72 266 -0.653508
72 267 0.0367465
72 268 -0.596836
73 15 0.226785
73 18 0.174811
73 40 0.246186
73 47 0.327669
73 72 0.163026
73 73 4.27324
73 74 0.280859
73 124 0.0395266
73 137 -0.0143374
73 187 -0.0412193
73 189 -0.70332
73 190 -0.908815
73 192 0.00537676
73 260 0.0468452
73 261 -1.30009
73 262 -0.987391
73 266 -0.650474
73 267 -1.13741
73 268 -0.04127
74 15 0.209803
74 17 0.137038
74 41 0.190403
74 45 0.234049
74 72 0.148823
74 73 0.280859
74 74 3.61582
74 125 0.0334456
74 133 -0.0369925
74 188 -0.0348779
74 190 0.0428281
74 191 -0.546336
74 192 -0.841529
74 263 0.00135969
74 264 -0.949914
74 265 -0.762953
74 266 -0.0100599
74 267 -1.11259
74 268 -0.599182
75 18 0.115528
75 46 0.0500523
75 75 1.83356
75 76 0.0604202
75 77 0.258446
75 136 0.00837747
75 193 -0.16217
75 194 -0.47805
75 195 -0.0169971
75 197 0.0667494
75 269 -0.032892
75 270 -0.386799
75 271 -0.18836
75 278 -0.257238
75 279 0.0401376
75 280 -0.959057
76 19 0.305247
76 48 0.070788
76 75 0.0604202
76 76 2.17819
76 77 0.138892
76 140 0.0452046
76 193 -0.0381543
76 195 -0.461214
76 196 -1.13464
76 198 0.080627
76 272 -0.020697
76 273 -0.191273
76 274 -0.300468
76 278 -0.228464
76 279 -0.573947
76 280 0.011882
77 18 0.107075
77 19 0.127811
77 47 0.206389
77 49 0.456053
77 75 0.258446
77 76 0.138892
77 77 3.90133
77 137 0.00246775
77 141 0.0502428
77 194 -0.0441691
77 196 -0.0122593
77 197 -0.411733
77 198 -0.533865
77 275 0.0677114
77 276 -0.844
77 277 -1.74226
77 278 -0.078233
77 279 -0.54622
77 280 -1.1036
78 19 0.548154
78 48 -0.000954861
78 78 8.27578
78 79 -0.00190972
78 80 0.761612
78 140 -0.118183
78 199 -3.21612
78 200 -2.31451
78 201 0.120692
78 203 -0.040132
78 281 -0.114154
78 282 -2.49673
78 283 0.230427
78 290 -0.230427
78 291 0.100186
78 292 -2.97264
79 20 1.1982
79 50 -0.00286458
79 78 -0.00190972
79 79 13.793
79 80 0.984742
79 144 0.0941876
79 199 -0.111974
79 201 -4.40101
79 202 -4.73503
79 204 -0.0668866
79 284 0.122871
79 285 -5.1204
79 286 -0.230427
79 290 0.230427
79 291 -4.0769
79 292 -0.124182
80 19 -0.00130208
80 20 -0.00217014
80 49 0.693683
80 51 0.886351
80 78 0.761612
80 79 0.984742
80 80 10.0313
80 141 -0.110535
80 145 0.0872339
80 200 -0.102417
80 202 0.111829
80 203 0.209479
80 204 -0.209479
80 287 -0.053162
80 288 -2.89368
80 289 -3.4892
80 290 0.0462176
80 291 -3.80362
80 292 -3.14684
81 16 0.00967651
81 28 0.0271056
81 42 -0.0776633
81 43 0.0075561
81 81 2.02925
81 82 0.0324504
81 84 -0.038421
81 95 -0.0751016
81 96 -0.194797
81 128 0.225517
81 129 -0.0374546
81 205 -0.540311
81 206 -0.706464
81 208 -0.110094
81 212 0.195111
81 293 -0.0133142
81 294 0.0433429
81 295 0.165491
81 298 -0.0608018
81 299 -0.15526
81 300 0.388499
81 350 0.141754
81 351 -0.740945
81 355 0.446429
81 356 -0.959028
82 10 -0.544285
82 28 -0.285159
82 30 -0.224099
82 31 0.0882616
82 81 0.0324504
82 82 6.23406
82 83 -0.129087
82 96 0.0444733
82 97 0.0925827
82 104 1.08929
82 105 -0.171094
82 206 -0.0571307
82 207 -0.288459
82 208 0.141297
82 210 0.579901
82 297 0.708594
82 298 -1.80367
82 299 -0.155091
82 301 -0.315946
82 302 -2.14517
82 303 0.608335
82 354 -2.93556
82 355 0.582504
82 358 1.25174
82 359 -2.39164
83 14 0.0893589
83 28 0.0533594
83 38 -0.0661369
83 39 0.0421337
83 82 -0.129087
83 83 3.79791
83 84 0.0125861
83 97 -0.395743
83 98 -0.178469
83 120 0.320851
83 121 -0.162345
83 208 0.386559
83 209 -1.44346
83 210 -1.20814
83 212 -0.0667718
83 302 0.652678
83 303 -0.0546677
83 304 -0.0400838
83 305 0.306246
83 306 0.205771
83 307 -0.00370155
83 359 -1.6393
83 360 0.61424
83 362 -1.29597
83 363 0.20885
84 28 -0.121106
84 81 -0.038421
84 83 0.0125861
84 84 0.948558
84 95 0.00984889
84 98 0.0203633
84 206 0.199319
84 210 -0.00944065
84 211 0.0527631
84 212 -0.0635744
84 294 0.0993396
84 295 -0.275957
84 296 -0.00927434
84 306 -0.0451954
84 307 -0.36082
84 308 0.0720061
84 351 -0.425973
84 352 0.02272
84 363 0.18304
84 364 -0.284283
85 20 0.0705998
85 29 0.150388
85 50 -0.293626
85 51 0.00422184
85 85 12.9021
85 86 0.0197251
85 88 -0.196985
85 99 -0.668418
85 100 -0.966728
85 144 1.02674
85 145 -0.0245516
85 213 -3.7829
85 214 -4.15915
85 216 -0.0781918
85 220 0.870819
85 309 0.186487
85 310 -0.00244271
85 311 0.989735
85 314 0.205227
85 315 -0.348643
85 316 1.46342
85 366 -0.00175583
85 367 -3.56023
85 371 0.345717
85 372 -4.11082
86 29 -1.1564
86 85 0.0197251
86 86 19.6612
86 87 -0.318131
86 100 0.242233
86 101 0.366301
86 214 0.266293
86 215 0.0700822
86 216 0.535397
86 218 1.61747
86 313 1.59949
86 314 -6.36207
86 315 -0.131174
86 317 -0.238505
86 318 -6.88531
86 319 1.36069
86 370 -6.54021
86 371 0.25178
86 374 0.825495
86 375 -5.70617
87 12 0.339724
87 29 0.240611
87 34 -0.0170442
87 35 -0.210065
87 86 -0.318131
87 87 15.8166
87 88 -0.0246493
87 101 -1.36139
87 102 -0.958496
87 112 0.00884463
87 113 0.892523
87 216 1.0661
87 217 -5.72755
87 218 -5.31248
87 220 0.0605869
87 318 1.6704
87 319 0.273578
87 320 0.464484
87 321 1.12893
87 322 0.615094
87 323 0.386708
87 375 -4.42513
87 376 -0.183729
87 378 -3.84574
87 379 -0.52106
88 11 -0.54398
88 29 -0.809522
88 32 -0.125834
88 33 -0.0232271
88 85 -0.196985
88 87 -0.0246493
88 88 10.2793
88 99 0.0779356
88 102 0.14113
88 108 0.670422
88 109 0.260407
88 214 1.02638
88 218 0.333494
88 219 0.0899687
88 220 -0.174065
88 310 0.673548
88 311 -3.11111
88 312 0.0926974
88 322 0.0776205
88 323 -3.39944
88 324 0.558108
88 367 -2.71202
88 368 -0.4829
88 379 -0.303623
88 380 -2.33294
89 12 -0.655924
89 13 -0.393555
89 35 1.99429
89 36 1.56079
89 89 19.4453
89 90 2.21567
89 91 1.71363
89 113 0.15895
89 116 -0.190544
89 221 1.97659
89 222 2.19008
89 223 0.184774
89 225 -0.18443
89 325 -0.119615
89 326 -7.81337
89 327 -6.56894
89 334 -8.4913
89 335 0.10399
89 336 -7.1264
90 12 2.69595
90 34 -0.86582
90 89 2.21567
90 90 26.7373
90 91 -0.577214
90 112 0.171992
90 221 -0.150495
90 223 -10.6139
90 224 -9.95088
90 226 -0.203331
90 328 0.201808
90 329 2.74716
90 330 -11.4462
90 334 -9.23899
90 335 2.982
90 336 -0.213437
91 13 1.23335
91 37 -0.288607
91 89 1.71363
91 90 -0.577214
91 91 16.0424
91 117 -0.205148
91 222 -0.0902969
91 224 0.202113
91 225 -5.26842
91 226 -7.16682
91 331 -0.203027
91 332 1.83617
91 333 -5.67146
91 334 0.180281
91 335 1.60133
91 336 -6.64331
92 10 0.514909
92 11 0.608529
92 31 0.387907
92 32 0.4229
92 92 7.88906
92 93 0.329345
92 94 0.356722
92 105 -0.0145133
92 108 0.0611557
92 227 -2.08733
92 228 -2.41267
92 229 -0.0570128
92 231 0.00412039
92 337 0.0357049
92 338 -1.55303
92 339 -1.69732
92 346 -1.31555
92 347 -0.0388299
92 348 -1.43411
93 10 0.29955
93 15 0.268365
93 30 0.390082
93 41 0.246186
93 92 0.329345
93 93 6.02637
93 94 0.468099
93 104 -0.0105179
93 125 -0.0353553
93 227 0.0329682
93 229 -1.19938
93 230 -1.07942
93 232 0.000862871
93 340 -0.0488701
93 341 -1.58319
93 342 -0.982766
93 346 -1.32177
93 347 -1.85431
93 348 0.0537509
94 11 0.386518
94 15 0.292963
94 33 0.546115
94 40 0.315143
94 92 0.356722
94 93 0.468099
94 94 7.12207
94 109 0.0576811
94 124 -0.0417836
94 228 0.0389624
94 230 -0.0532344
94 231 -1.55096
94 232 -1.17024
94 343 -0.00350142
94 344 -2.16681
94 345 -1.26689
94 346 -0.00658765
94 347 -1.89569
94 348 -1.42858
95 16 -0.0258232
95 28 0.0103752
95 43 0.00332976
95 81 -0.0751016
95 84 0.00984889
95 95 0.592263
95 129 0.0632462
95 130 -0.00535226
95 205 0.135572
95 206 -0.0142006
95 211 0.0494834
95 212 -0.0341182
95 293 -0.151152
95 294 -0.0663382
95 295 -0.22082
95 296 0.0229739
95 349 0.016491
95 350 -0.278991
95 351 0.142323
95 352 -0.18449
96 1 -0.184789
96 10 0.0785553
96 16 0.0261541
96 28 -0.102632
96 30 -0.39813
96 42 0.0106746
96 81 -0.194797
96 82 0.0444733
96 96 4.82853
96 103 0.888883
96 104 -0.175864
96 127 0.575729
96 128 -0.121868
96 205 -0.0578704
96 206 0.448017
96 207 -0.267079
96 208 0.495004
96 297 -0.375503
96 298 -1.56566
96 299 0.0244186
96 300 -1.27598
96 353 -2.37304
96 354 1.09178
96 355 -1.9002
96 356 0.485562
97 0 0.0968451
97 10 -0.26636
97 14 -0.157391
97 28 0.037802
97 31 -0.720913
97 39 0.156356
97 82 0.0925827
97 83 -0.395743
97 97 7.82592
97 105 1.31043
97 106 -0.153056
97 121 0.726833
97 122 -0.364909
97 207 0.846342
97 208 -0.187224
97 209 0.724808
97 210 -0.0469689
97 301 -0.148217
97 302 -2.441
97 303 0.311712
97 304 -2.84179
97 357 1.39693
97 358 -3.53448
97 359 0.660193
97 360 -2.91802
98 14 0.0141225
98 28 -0.0518013
98 38 0.0353601
98 83 -0.178469
98 84 0.0203633
98 98 1.36068
98 119 0.0956903
98 120 -0.0557027
98 209 0.00127801
98 210 0.269533
98 211 -0.0124242
98 212 0.136416
98 305 -0.534864
98 306 -0.0453592
98 307 -0.432589
98 308 0.0972462
98 361 -0.392836
98 362 0.217093
98 363 -0.581573
98 364 0.0216915
99 2 -0.0115988
99 11 -0.122211
99 20 -0.188171
99 29 -0.00947279
99 33 -0.44286
99 51 0.02275
99 85 -0.668418
99 88 0.0779356
99 99 9.17887
99 109 0.624541
99 110 0.184044
99 145 0.65785
99 146 0.054739
99 213 0.953544
99 214 0.232662
99 219 0.553504
99 220 0.0381288
99 309 -2.56307
99 310 -0.373159
99 311 -2.84813
99 312 -0.108611
99 365 -0.274126
99 366 -2.60704
99 367 -0.0849256
99 368 -2.24309
100 20 0.0353418
100 29 -0.306241
100 50 0.131527
100 85 -0.966728
100 86 0.242233
100 100 17.836
100 143 1.56787
100 144 -0.172081
100 213 0.148588
100 214 1.51388
100 215 -0.279763
100 216 1.33428
100 313 -0.343554
100 314 -5.8755
100 315 0.133499
100 316 -5.39291
100 369 -6.30234
100 370 1.10938
100 371 -5.47628
100 372 0.532395
101 12 -0.329715
101 29 0.00215695
101 34 0.502894
101 86 0.366301
101 87 -1.36139
101 101 21.6063
101 111 -0.193289
101 112 1.38424
101 215 1.62856
101 216 -0.0850641
101 217 1.72373
101 218 0.395838
101 317 0.529412
101 318 -7.41808
101 319 0.988383
101 320 -7.98171
101 373 0.512949
101 374 -6.78263
101 375 -0.0633125
101 376 -5.93668
102 0 -0.127795
102 11 -0.0356948
102 12 -0.0408533
102 29 -0.204108
102 32 -0.646807
102 35 0.210149
102 87 -0.958496
102 88 0.14113
102 102 11.3358
102 107 0.709334
102 108 0.340077
102 113 0.118437
102 114 0.555124
102 217 0.440819
102 218 1.09543
102 219 0.132802
102 220 0.679084
102 321 -3.96607
102 322 0.0541631
102 323 -3.67728
102 324 0.321267
102 377 -2.39732
102 378 -0.53527
102 379 -2.78811
102 380 -0.707925
103 1 -1.45463
103 30 -1.59075
103 41 -0.00656595
103 42 -0.168856
103 96 0.888883
103 103 8.77515
103 126 -0.694639
103 127 1.17832
103 297 -3.76989
103 300 -0.23459
103 340 -1.32778
103 353 -1.57734
104 10 -2.11977
104 30 -1.94822
104 82 1.08929
104 93 -0.0105179
104 96 -0.175864
104 104 11.0266
104 207 -4.4893
104 229 -1.78694
104 297 1.3532
104 298 -0.364816
104 341 -0.970498
104 354 -1.5781
105 10 -2.53606
105 31 -2.74706
105 82 -0.171094
105 92 -0.0145133
105 97 1.31043
105 105 13.5697
105 207 1.51045
105 227 -1.28785
105 301 -5.26882
105 302 -0.528189
105 338 -2.30843
105 358 -1.49396
106 0 -3.48088
106 31 -3.22643
106 32 -0.0185521
106 39 1.55479
106 97 -0.153056
106 106 16.4234
106 107 -2.89224
106 122 -6.11442
106 301 1.64734
106 304 -0.728594
106 337 -1.64669
106 357 -1.31861
107 0 -2.39595
107 31 0.0646736
107 32 -2.29617
107 35 0.420151
107 102 0.709334
107 106 -2.89224
107 107 12.6565
107 114 -0.732524
107 321 -0.630356
107 324 -1.67572
107 337 -1.88815
107 377 -1.27076
108 11 -2.04234
108 32 -2.14292
108 88 0.670422
108 92 0.0611557
108 102 0.340077
108 108 11.8354
108 219 -1.66142
108 228 -1.74907
108 323 -0.513146
108 324 -0.557987
108 339 -2.72814
108 380 -1.44999
109 11 -1.86107
109 33 -1.76357
109 88 0.260407
109 94 0.0576811
109 99 0.624541
109 109 10.7839
109 219 -0.380706
109 231 -2.50171
109 311 -0.399564
109 312 -1.61494
109 344 -1.56851
109 368 -1.58228
110 2 -1.4658
110 33 -1.55637
110 40 0.05425
110 51 0.56977
110 99 0.184044
110 110 9.49625
110 123 -1.34645
110 146 -1.52585
110 309 -0.293268
110 312 -0.210225
110 343 -2.21296
110 365 -1.64796
111 34 -7.20519
111 101 -0.193289
111 111 52.8668
111 317 1.88412
111 320 0.34605
111 328 4.48193
111 373 -21.3712
112 12 -5.75059
112 34 -5.72357
112 87 0.00884463
112 90 0.171992
112 101 1.38424
112 112 40.4006
112 217 -0.329331
112 223 3.52447
112 319 1.3569
112 320 -6.05451
112 329 -13.1122
112 376 -15.6093
113 12 -4.468
113 35 -4.44724
113 87 0.892523
113 89 0.15895
113 102 0.118437
113 113 30.0386
113 217 -3.90948
113 221 -10.06
113 321 -0.653389
113 322 0.936512
113 326 2.67273
113 378 -11.0717
114 0 -3.28461
114 32 0.160788
114 35 -3.34292
114 36 0.145518
114 102 0.555124
114 107 -0.732524
114 114 21.4536
114 115 1.92673
114 321 -2.42096
114 324 0.611138
114 325 -7.38131
114 377 -7.53645
115 0 -4.28147
115 35 -0.175549
115 36 -4.08481
115 39 0.0825901
115 114 1.92673
115 115 16.4496
115 122 -1.61179
115 233 -2.21381
115 325 -5.91417
116 13 -3.25907
116 36 -3.50937
116 66 0.0728037
116 89 -0.190544
116 116 13.1813
116 175 -1.67466
116 222 -4.72919
116 234 -1.35155
116 327 1.60364
117 13 -2.46645
117 37 -2.16249
117 67 0.0634078
117 91 -0.205148
117 117 8.8234
117 177 -0.988698
117 225 1.17482
117 237 -0.970409
117 332 -3.17078
118 37 -1.15269
118 118 3.37592
118 236 -0.523245
118 331 0.640276
119 38 0.00471216
119 98 0.0956903
119 119 1.18404
119 239 -0.237839
119 305 -0.455157
119 308 0.0477928
119 361 -0.578035
120 14 -0.160909
120 38 -0.313902
120 68 0.0070714
120 83 0.320851
120 98 -0.0557027
120 120 4.67455
120 179 -0.593219
120 209 -1.45914
120 240 -0.480299
120 305 0.223821
120 306 0.194904
120 362 -2.32716
121 14 -0.61492
121 39 -0.393391
121 66 -0.00544944
121 83 -0.162345
121 97 0.726833
121 121 9.90237
121 176 -1.09688
121 209 0.633543
121 235 -1.0512
121 303 0.419018
121 304 -3.21455
121 360 -5.08266
122 0 -0.722755
122 31 1.41607
122 36 -0.0183609
122 39 -1.02248
122 97 -0.364909
122 106 -6.11442
122 115 -1.61179
122 122 17.4169
122 233 -1.87857
122 301 0.731375
122 304 1.44111
122 357 -9.17632
123 2 -1.89155
123 33 -0.0482118
123 40 -1.85845
123 47 0.0456076
123 110 -1.34645
123 123 8.77083
123 138 -1.27635
123 260 -1.15146
123 343 -1.20491
124 15 -1.60845
124 40 -1.64155
124 73 0.0395266
124 94 -0.0417836
124 124 7.60139
124 190 -0.989603
124 232 -1.03482
124 262 -1.11449
124 345 -1.17636
125 15 -1.39155
125 41 -1.35845
125 74 0.0334456
125 93 -0.0353553
125 125 6.43194
125 192 -0.95264
125 230 -1.00627
125 265 -0.827749
125 342 -0.86473
126 1 -1.10845
126 30 -0.0289271
126 41 -1.14155
126 45 0.0273646
126 103 -0.694639
126 126 5.2625
126 134 -0.665896
126 263 -0.790787
126 340 -0.836179
127 1 -0.437645
127 30 -0.302381
127 42 -0.488482
127 45 -0.0164373
127 96 0.575729
127 103 1.17832
127 127 6.27453
127 134 -0.434726
127 251 -0.887821
127 297 0.242418
127 300 -2.0779
127 353 -3.61036
128 16 -0.221184
128 42 -0.175685
128 71 -0.0104876
128 81 0.225517
128 96 -0.121868
128 128 2.7888
128 185 -0.426875
128 205 -0.782988
128 252 -0.243314
128 299 0.120679
128 300 0.451006
128 356 -1.59542
129 16 -0.0524139
129 43 -0.0796758
129 69 -0.00466816
129 81 -0.0374546
129 95 0.0632462
129 129 0.911357
129 182 -0.106936
129 205 0.128789
129 247 -0.132075
129 293 -0.199958
129 294 0.0443113
129 350 -0.531393
130 43 -0.00540064
130 95 -0.00535226
130 130 0.106226
130 245 -0.0255923
130 293 0.0155512
130 296 0.00643064
130 349 -0.0712858
131 44 -0.180185
131 46 -0.0293056
131 131 0.808655
131 135 -0.0994236
131 248 -0.156319
131 257 -0.211757
132 17 -0.483341
132 44 -0.448417
132 70 0.019659
132 72 -0.0331707
132 132 2.29698
132 184 -0.276639
132 188 -0.40463
132 250 -0.224047
132 259 -0.433933
133 17 -0.696988
133 45 -0.723997
133 71 0.0247875
133 74 -0.0369925
133 133 3.48582
133 186 -0.402222
133 191 -0.706117
133 253 -0.369441
133 264 -0.556009
134 1 -0.902153
134 41 -0.0407709
134 42 0.029981
134 45 -0.883059
134 126 -0.665896
134 127 -0.434726
134 134 4.37518
134 251 -0.538991
134 263 -0.915974
135 44 -0.0209826
135 46 -0.206872
135 131 -0.0994236
135 135 0.896409
135 257 -0.236736
135 269 -0.192285
136 18 -0.653715
136 46 -0.593665
136 72 -0.0176383
136 75 0.00837747
136 136 3.00184
136 187 -0.54178
136 194 -0.402174
136 258 -0.51283
136 271 -0.271963
137 18 -1.09509
137 47 -1.16306
137 73 -0.0143374
137 77 0.00246775
137 137 5.40675
137 189 -0.988564
137 197 -0.590663
137 261 -0.888317
137 276 -0.63958
138 2 -1.7349
138 40 -0.0110798
138 47 -1.65902
138 49 -0.00350708
138 123 -1.27635
138 138 8.11114
138 142 -0.904503
138 260 -1.52662
138 275 -0.95077
139 48 -0.488304
139 139 1.9235
139 272 -0.323012
139 281 0.0206782
140 19 -1.10193
140 48 -1.01811
140 76 0.0452046
140 78 -0.118183
140 140 5.13691
140 196 -0.571877
140 200 0.040662
140 274 -1.01394
140 283 -1.35985
141 19 -1.52251
141 49 -1.59056
141 77 0.0502428
141 80 -0.110535
141 141 7.709
141 198 -1.71601
141 203 -2.05711
141 277 -0.765707
141 288 0.0599514
142 2 -1.95419
142 47 0.0554112
142 49 -1.90191
142 51 -0.102713
142 138 -0.904503
142 142 9.63977
142 146 0.0785463
142 275 -2.25194
142 287 -2.5884
143 50 -3.81047
143 100 1.56787
143 143 30.4063
143 284 0.144748
143 313 1.01141
143 316 -6.17792
143 369 -13.1126
144 20 -3.00767
144 50 -2.97582
144 79 0.0941876
144 85 1.02674
144 100 -0.172081
144 144 22.8452
144 202 0.121986
144 213 -4.00931
144 286 -5.87703
144 315 0.701912
144 316 0.666144
144 372 -9.29356
145 20 -2.30921
145 51 -2.31577
145 80 0.0872339
145 85 -0.0245516
145 99 0.65785
145 145 16.7811
145 204 -4.51588
145 213 0.119971
145 289 0.099919
145 309 -2.52836
145 310 0.461958
145 366 -6.4195
146 2 -1.7108
146 33 0.407375
146 49 0.0801066
146 51 -1.72674
146 99 0.054739
146 110 -1.52585
146 142 0.0785463
146 146 11.8847
146 287 -3.3207
146 309 -0.166113
146 312 0.283043
146 365 -4.26744
147 147 1
148 148 1
149 149 1
150 150 1
151 151 1
152 152 1
153 153 1
154 154 1
155 155 1
156 156 1
157 157 1
158 158 1
159 159 1
160 160 1
161 161 1
162 162 1
163 163 1
164 164 1
165 165 1
166 166 1
167 167 1
168 168 1
169 169 1
170 170 1
171 171 1
172 172 1
173 173 1
174 174 1
175 13 -0.926568
175 36 -0.116203
175 66 -0.948432
175 67 0.109172
175 116 -1.67466
175 175 7.93125
175 177 -1.50502
175 234 -1.44332
175 242 -1.32075
176 14 -0.740099
176 39 -0.0903802
176 66 -0.718234
176 68 0.0849115
176 121 -1.09688
176 176 6.16875
176 179 -1.00677
176 235 -1.32822
176 244 -1.19104
177 13 -1.23169
177 37 0.0246912
177 66 -0.0176005
177 67 -1.14963
177 117 -0.988698
177 175 -1.50502
177 177 6.28966
177 237 -0.842976
177 242 -0.495328
178 67 -0.389764
178 68 -0.0266057
178 178 1.88341
178 180 -0.0298749
178 238 -0.428109
178 243 -0.635664
179 14 -0.824577
179 38 0.045788
179 66 -0.0622537
179 68 -0.794095
179 120 -0.593219
179 176 -1.00677
179 179 4.28534
179 240 -0.607732
179 244 -0.385255
180 67 -0.0501235
180 68 -0.333173
180 178 -0.0298749
180 180 1.64159
180 241 -0.332974
180 243 -0.555295
181 69 -0.134104
181 70 -0.0126019
181 181 0.422276
181 183 0.00531524
181 246 -0.0691679
181 254 -0.116783
182 16 -0.292307
182 43 0.0126499
182 69 -0.27004
182 71 -0.018121
182 129 -0.106936
182 182 1.03547
182 185 -0.187046
182 247 -0.100044
182 256 -0.0669864
183 69 -0.00394464
183 70 -0.0706474
183 181 0.00531524
183 183 0.547659
183 249 -0.112743
183 254 -0.252848
184 17 -0.2782
184 44 0.00546595
184 70 -0.289133
184 71 0.00128887
184 132 -0.276639
184 184 2.08065
184 186 -0.705704
184 250 -0.418578
184 255 -0.105963
185 16 -0.160663
185 42 -0.0337138
185 69 0.0303938
185 71 -0.145301
185 128 -0.426875
185 182 -0.187046
185 185 1.68722
185 252 -0.278111
185 256 -0.475127
186 17 -0.230197
186 45 -0.047982
186 70 0.0442714
186 71 -0.242434
186 133 -0.402222
186 184 -0.705704
186 186 2.60701
186 253 -0.694736
186 255 -0.311373
187 18 -0.820776
187 46 0.0400909
187 72 -0.804224
187 73 -0.0412193
187 136 -0.54178
187 187 3.80069
187 189 -0.603647
187 258 -0.483497
187 266 -0.528715
188 17 -0.679224
188 44 0.033923
188 72 -0.695776
188 74 -0.0348779
188 132 -0.40463
188 188 3.21597
188 191 -0.44161
188 259 -0.462913
188 268 -0.516542
189 18 -0.701031
189 47 -0.0455475
189 72 0.039397
189 73 -0.70332
189 137 -0.988564
189 187 -0.603647
189 189 4.92908
189 261 -0.79673
189 266 -1.10766
190 15 -0.912203
190 40 -0.0494126
190 73 -0.908815
190 74 0.0428281
190 124 -0.989603
190 190 6.39089
190 192 -1.39641
190 262 -1.32307
190 267 -0.825705
191 17 -0.549313
191 45 -0.00578238
191 72 0.00932873
191 74 -0.546336
191 133 -0.706117
191 188 -0.44161
191 191 3.84175
191 264 -0.647596
191 268 -0.937247
192 15 -0.837453
192 41 -0.00243806
192 73 0.00537676
192 74 -0.841529
192 125 -0.95264
192 190 -1.39641
192 192 5.88828
192 265 -1.11952
192 267 -0.717469
193 75 -0.16217
193 76 -0.0381543
193 193 1.29192
193 195 0.0130806
193 270 -0.235861
193 278 -0.594892
194 18 -0.454617
194 46 0.0350705
194 75 -0.47805
194 77 -0.0441691
194 136 -0.402174
194 194 3.4381
194 197 -1.13891
194 271 -0.727433
194 280 -0.205849
195 75 -0.0169971
195 76 -0.461214
195 193 0.0130806
195 195 1.41731
195 273 -0.279436
195 278 -0.380956
196 19 -1.30301
196 48 0.0153866
196 76 -1.13464
196 77 -0.0122593
196 140 -0.571877
196 196 4.48328
196 198 -0.807569
196 274 -0.395966
196 279 -0.244826
197 18 -0.44897
197 47 -0.0661638
197 75 0.0667494
197 77 -0.411733
197 137 -0.590663
197 194 -1.13891
197 197 4.75132
197 276 -1.44815
197 280 -0.683242
198 19 -0.493503
198 49 -0.080432
198 76 0.080627
198 77 -0.533865
198 141 -1.71601
198 196 -0.807569
198 198 5.67112
198 277 -0.714774
198 279 -1.36949
199 78 -3.21612
199 79 -0.111974
199 199 13.4781
199 201 -0.0507685
199 282 0.0620347
199 290 -3.21834
200 19 -2.066
200 48 0.106185
200 78 -2.31451
200 80 -0.102417
200 140 0.040662
200 200 8.79201
200 203 -2.0899
200 283 -2.25859
200 292 -0.0391181
201 78 0.120692
201 79 -4.40101
201 199 -0.0507685
201 201 17.3163
201 285 0.103391
201 290 -4.15034
202 20 -4.88446
202 50 -0.130181
202 79 -4.73503
202 80 0.111829
202 144 0.121986
202 202 19.3247
202 204 -4.61488
202 286 -4.97829
202 291 -0.0651968
203 19 -0.209479
203 49 0.0349236
203 78 -0.040132
203 80 0.209479
203 141 -2.05711
203 200 -2.0899
203 203 10.0417
203 288 -2.87263
203 292 -2.93869
204 20 0.209479
204 51 0.058206
204 79 -0.0668866
204 80 -0.209479
204 145 -4.51588
204 202 -4.61488
204 204 16.7361
204 289 -3.70036
204 291 -3.7661
205 16 -0.438252
205 42 0.326871
205 43 -0.0136683
205 81 -0.540311
205 95 0.135572
205 96 -0.0578704
205 128 -0.782988
205 129 0.128789
205 205 2.37073
205 293 -0.04213
205 294 -0.625279
205 299 0.381124
205 300 -0.116287
205 350 -0.180452
205 356 -0.542102
206 28 -0.840182
206 81 -0.706464
206 82 -0.0571307
206 84 0.199319
206 95 -0.0142006
206 96 0.448017
206 206 3.42383
206 208 0.477576
206 212 -0.883879
206 294 0.175264
206 295 -0.0803643
206 298 -0.193887
206 299 -1.10652
206 351 -0.204014
206 355 -0.630594
207 10 0.0705168
207 30 1.06013
207 31 -0.414923
207 82 -0.288459
207 96 -0.267079
207 97 0.846342
207 104 -4.4893
207 105 1.51045
207 207 15.1056
207 297 0.371287
207 298 1.15031
207 301 0.533004
207 302 -3.20712
207 354 -5.55962
207 358 -6.40432
208 28 -0.12191
208 81 -0.110094
208 82 0.141297
208 83 0.386559
208 96 0.495004
208 97 -0.187224
208 206 0.477576
208 208 7.53665
208 210 -1.44656
208 298 -2.16135
208 299 0.197255
208 302 0.642924
208 303 0.295836
208 355 -2.8009
208 359 -3.33368
209 14 -1.65315
209 38 0.347273
209 39 -0.0263385
209 83 -1.44346
209 97 0.724808
209 98 0.00127801
209 120 -1.45914
209 121 0.633543
209 209 5.90273
209 303 -1.80812
209 304 -0.418533
209 305 -0.195696
209 306 0.227517
209 360 -0.682199
209 362 -0.134201
210 28 -1.03854
210 82 0.579901
210 83 -1.20814
210 84 -0.00944065
210 97 -0.0469689
210 98 0.269533
210 208 -1.44656
210 210 4.59338
210 212 0.208652
210 302 -0.293753
210 303 0.562043
210 306 -1.16068
210 307 -0.131032
210 359 -0.677908
210 363 -0.189593
211 84 0.0527631
211 95 0.0494834
211 98 -0.0124242
211 211 0.673325
211 295 -0.237847
211 296 0.0162888
211 307 0.0276137
211 308 0.0299069
211 352 -0.237788
211 364 -0.316086
212 28 0.108237
212 81 0.195111
212 83 -0.0667718
212 84 -0.0635744
212 95 -0.0341182
212 98 0.136416
212 206 -0.883879
212 210 0.208652
212 212 3.08502
212 294 0.0817727
212 295 0.155654
212 306 0.131457
212 307 -0.494852
212 351 -1.1387
212 363 -1.41439
213 20 -3.45178
213 50 1.41133
213 51 0.140661
213 85 -3.7829
213 99 0.953544
213 100 0.148588
213 144 -4.00931
213 145 0.119971
213 213 17.4306
213 309 -0.473581
213 310 -3.48513
213 315 0.454182
213 316 -0.714325
213 366 -1.98503
213 372 -2.68355
214 29 -4.52309
214 85 -4.15915
214 86 0.266293
214 88 1.02638
214 99 0.232662
214 100 1.51388
214 214 19.1612
214 216 0.217309
214 220 -3.64324
214 310 -0.114103
214 311 -0.623104
214 314 -0.91705
214 315 -4.18985
214 367 -1.7363
214 371 -2.42167
215 86 0.0700822
215 100 -0.279763
215 101 1.62856
215 215 40.3491
215 313 1.27428
215 314 0.968358
215 317 1.56533
215 318 -6.65839
215 370 -16.3254
215 374 -17.5118
216 29 -0.0560154
216 85 -0.0781918
216 86 0.535397
216 87 1.0661
216 100 1.33428
216 101 -0.0850641
216 214 0.217309
216 216 29.5102
216 218 -4.34869
216 314 -5.5956
216 315 0.900919
216 318 0.101385
216 319 1.11975
216 371 -11.7998
216 375 -12.7147
217 12 -6.14585
217 34 0.535761
217 35 1.16207
217 87 -5.72755
217 101 1.72373
217 102 0.440819
217 112 -0.329331
217 113 -3.90948
217 217 22.6175
217 319 -4.49389
217 320 -1.38152
217 321 -0.9587
217 322 -0.664325
217 376 -1.71288
217 378 -1.02933
218 29 -4.91943
218 86 1.61747
218 87 -5.31248
218 88 0.333494
218 101 0.395838
218 102 1.09543
218 216 -4.34869
218 218 20.8856
218 220 -0.37782
218 318 -1.13996
218 319 -0.0457437
218 322 -3.78226
218 323 -0.785677
218 375 -2.09423
218 379 -1.41334
219 11 -0.252361
219 32 0.416391
219 33 0.0934907
219 88 0.0899687
219 99 0.553504
219 102 0.132802
219 108 -1.66142
219 109 -0.380706
219 219 14.8923
219 311 -2.2971
219 312 0.386451
219 323 -0.590475
219 324 0.497016
219 368 -5.66222
219 380 -6.14502
220 29 0.285872
220 85 0.870819
220 87 0.0605869
220 88 -0.174065
220 99 0.0381288
220 102 0.679084
220 214 -3.64324
220 218 -0.37782
220 220 21.2392
220 310 0.608188
220 311 -0.197624
220 322 0.767226
220 323 -2.74944
220 367 -8.31842
220 379 -8.99824
221 12 3.23174
221 35 0.130964
221 89 1.97659
221 90 -0.150495
221 113 -10.06
221 221 32.4479
221 223 -10.2759
221 326 -8.4265
221 334 -8.58136
222 13 0.934922
222 36 0.0785781
222 89 2.19008
222 91 -0.0902969
222 116 -4.72919
222 222 19.4688
222 225 -4.80992
222 327 -6.36273
222 336 -6.50441
223 12 -11.0308
223 34 -0.221726
223 89 0.184774
223 90 -10.6139
223 112 3.52447
223 221 -10.2759
223 223 37.4701
223 329 -11.3123
223 334 2.61372
224 90 -9.95088
224 91 0.202113
224 224 33.5763
224 226 2.30244
224 330 3.20138
224 335 -9.2202
225 13 -4.58687
225 37 0.18857
225 89 -0.18443
225 91 -5.26842
225 117 1.17482
225 222 -4.80992
225 225 17.0424
225 332 -4.97071
225 336 1.56823
226 90 -0.203331
226 91 -7.16682
226 224 2.30244
226 226 26.1278
226 333 1.92083
226 335 -7.35932
227 10 -2.03767
227 31 -0.0358328
227 92 -2.08733
227 93 0.0329682
227 105 -1.28785
227 227 9.64792
227 229 -1.25087
227 338 -1.496
227 346 -1.44237
228 11 -2.46233
228 32 -0.0423478
228 92 -2.41267
228 94 0.0389624
228 108 -1.74907
228 228 11.4021
228 231 -1.68721
228 339 -1.54093
228 348 -1.49571
229 10 -1.20497
229 30 0.0498206
229 92 -0.0570128
229 93 -1.19938
229 104 -1.78694
229 227 -1.25087
229 229 8.43741
229 341 -1.14534
229 346 -1.80511
230 15 -1.07493
230 41 0.0463026
230 93 -1.07942
230 94 -0.0532344
230 125 -1.00627
230 230 7.56033
230 232 -1.59526
230 342 -1.62284
230 347 -1.14098
231 11 -1.54469
231 33 -0.00265738
231 92 0.00412039
231 94 -1.55096
231 109 -2.50171
231 228 -1.68721
231 231 10.8584
231 344 -1.39367
231 348 -2.13332
232 15 -1.17541
232 40 0.00138139
232 93 0.000862871
232 94 -1.17024
232 124 -1.03482
232 230 -1.59526
232 232 8.22717
232 345 -1.9179
232 347 -1.29918
233 0 -0.104854
233 36 -1.2336
233 39 -1.2664
233 66 0.0954792
233 115 -2.21381
233 122 -1.87857
233 233 10.575
233 234 -2.0604
233 235 -1.77223
234 13 0.00296983
234 36 -1.81659
234 39 0.00138649
234 66 -1.7314
234 116 -1.35155
234 175 -1.44332
234 233 -2.0604
234 234 9.37403
234 235 -0.850708
235 14 0.0643844
235 36 -0.0843657
235 39 -1.57301
235 66 -1.54566
235 121 -1.0512
235 176 -1.32822
235 233 -1.77223
235 234 -0.850708
235 235 8.25097
236 37 -0.480131
236 67 -0.0361969
236 118 -0.523245
236 236 2.32403
236 237 -0.784533
236 238 -0.0373436
237 13 -0.127162
237 37 -0.515367
237 67 -0.526299
237 117 -0.970409
237 177 -0.842976
237 236 -0.784533
237 237 4.40625
237 238 -0.704165
238 37 -0.0597147
238 67 -0.423541
238 178 -0.428109
238 236 -0.0373436
238 237 -0.704165
238 238 2.08222
239 38 -0.242806
239 68 -0.0405323
239 119 -0.237839
239 239 1.20097
239 240 -0.406425
239 241 -0.0224062
240 14 -0.0762969
240 38 -0.317966
240 68 -0.307034
240 120 -0.480299
240 179 -0.607732
240 239 -0.406425
240 240 2.64375
240 241 -0.486794
241 38 -0.0170146
241 68 -0.299397
241 180 -0.332974
241 239 -0.0224062
241 240 -0.486794
241 241 1.44278
242 13 -0.0722355
242 66 -1.08161
242 67 -1.03706
242 68 0.0545979
242 175 -1.32075
242 177 -0.495328
242 242 5.60722
242 243 -0.789071
242 244 -0.790958
243 66 -0.101729
243 67 -0.411201
243 68 -0.422133
243 178 -0.635664
243 180 -0.555295
243 242 -0.789071
243 243 3.525
243 244 -0.661638
244 14 -0.00761872
244 66 -0.97466
244 67 0.0158813
244 68 -0.906668
244 176 -1.19104
244 179 -0.385255
244 242 -0.790958
244 243 -0.661638
244 244 4.96778
245 43 -0.0596891
245 69 -0.008902
245 130 -0.0255923
245 245 0.192328
245 246 0.00301575
245 247 -0.0545657
246 43 0.00131773
246 69 -0.0415452
246 181 -0.0691679
246 245 0.00301575
246 246 0.317711
246 247 -0.14688
247 16 -0.020961
247 43 -0.0522654
247 69 -0.0453657
247 129 -0.132075
247 182 -0.100044
247 245 -0.0545657
247 246 -0.14688
247 247 0.537479
248 44 -0.0997496
248 70 -0.00920701
248 131 -0.156319
248 248 0.777607
248 249 0.00761472
248 250 -0.358815
249 44 -0.0163017
249 70 -0.208519
249 183 -0.112743
249 248 0.00761472
249 249 0.652224
249 250 -0.179001
250 17 -0.0493021
250 44 -0.131824
250 70 -0.132474
250 132 -0.224047
250 184 -0.418578
250 248 -0.358815
250 249 -0.179001
250 250 1.45727
251 1 -0.0465968
251 42 -0.324617
251 45 -0.300792
251 71 0.0425282
251 127 -0.887821
251 134 -0.538991
251 251 3.45015
251 252 -0.402338
251 253 -0.96952
252 16 0.0213806
252 42 -0.691591
252 45 -0.0274701
252 71 -0.662422
252 128 -0.243314
252 185 -0.278111
252 251 -0.402338
252 252 2.49181
252 253 -0.192023
253 17 -0.00551821
253 42 0.0118498
253 45 -0.414984
253 71 -0.423182
253 133 -0.369441
253 186 -0.694736
253 251 -0.96952
253 252 -0.192023
253 253 3.07709
254 69 -0.0923696
254 70 -0.0885949
254 71 -0.0351316
254 181 -0.116783
254 183 -0.252848
254 254 0.997375
254 255 -0.162046
254 256 -0.275326
255 17 -0.0219185
255 69 0.0161544
255 70 -0.445625
255 71 -0.491721
255 184 -0.105963
255 186 -0.311373
255 254 -0.162046
255 255 1.72531
255 256 -0.191787
256 16 0.00664889
256 69 -0.193235
256 70 0.000398894
256 71 -0.186598
256 182 -0.0669864
256 185 -0.475127
256 254 -0.275326
256 255 -0.191787
256 256 1.3908
257 44 -0.370862
257 46 -0.379138
257 72 -0.0377882
257 131 -0.211757
257 135 -0.236736
257 257 1.75417
257 258 -0.294484
257 259 -0.252856
258 18 -0.0374048
258 44 0.0319054
258 46 -0.389052
258 72 -0.390299
258 136 -0.51283
258 187 -0.483497
258 257 -0.294484
258 258 2.73637
258 259 -0.648493
259 17 -0.0134042
259 44 -0.361292
259 46 0.0173412
259 72 -0.359357
259 132 -0.433933
259 188 -0.462913
259 257 -0.252856
259 258 -0.648493
259 259 2.52613
260 2 -0.0537335
260 40 -1.05801
260 47 -1.05468
260 73 0.0468452
260 123 -1.15146
260 138 -1.52662
260 260 7.41415
260 261 -0.954303
260 262 -1.62914
261 18 0.042871
261 40 -0.0446939
261 47 -1.32491
261 73 -1.30009
261 137 -0.888317
261 189 -0.79673
261 260 -0.954303
261 261 6.13958
261 262 -0.846067
262 15 -0.00675895
262 40 -0.983258
262 47 0.00939383
262 73 -0.987391
262 124 -1.11449
262 190 -1.32307
262 260 -1.62914
262 261 -0.846067
262 262 6.91154
263 1 0.00188284
263 41 -0.691649
263 45 -0.695667
263 74 0.00135969
263 126 -0.790787
263 134 -0.915974
263 263 4.86502
263 264 -0.588871
263 265 -1.16367
264 17 0.0306221
264 41 -0.0319242
264 45 -0.925086
264 74 -0.949914
264 133 -0.556009
264 191 -0.647596
264 263 -0.588871
264 264 4.38542
264 265 -0.697107
265 15 -0.0450918
265 41 -0.766398
265 45 0.038811
265 74 -0.762953
265 125 -0.827749
265 192 -1.11952
265 263 -1.16367
265 264 -0.697107
265 265 5.36762
266 18 0.0133892
266 72 -0.653508
266 73 -0.650474
266 74 -0.0100599
266 187 -0.528715
266 189 -1.10766
266 266 4.57265
266 267 -0.767957
266 268 -0.84734
267 15 -0.038309
267 72 0.0367465
267 73 -1.13741
267 74 -1.11259
267 190 -0.825705
267 192 -0.717469
267 266 -0.767957
267 267 5.2625
267 268 -0.67637
268 17 0.0353365
268 72 -0.596836
268 73 -0.04127
268 74 -0.599182
268 188 -0.516542
268 191 -0.937247
268 266 -0.84734
268 267 -0.67637
268 268 4.19818
269 46 -0.133068
269 75 -0.032892
269 135 -0.192285
269 269 1.06198
269 270 0.0107812
269 271 -0.488925
270 46 -0.0132972
270 75 -0.386799
270 193 -0.235861
270 269 0.0107812
270 270 1.18736
270 271 -0.318739
271 18 -0.0640625
271 46 -0.214009
271 75 -0.18836
271 136 -0.271963
271 194 -0.727433
271 269 -0.488925
271 270 -0.318739
271 271 2.2219
272 48 -0.535629
272 76 -0.020697
272 139 -0.323012
272 272 1.64726
272 273 0.0153801
272 274 -0.443174
273 48 -0.0434167
273 76 -0.191273
273 195 -0.279436
273 272 0.0153801
273 273 1.52187
273 274 -0.700859
274 19 -0.0924036
274 48 -0.268568
274 76 -0.300468
274 140 -1.01394
274 196 -0.395966
274 272 -0.443174
274 273 -0.700859
274 274 3.14169
275 2 -0.0683303
275 47 -0.711708
275 49 -0.662883
275 77 0.0677114
275 138 -0.95077
275 142 -2.25194
275 275 7.58735
275 276 -1.87197
275 277 -1.08915
276 18 0.0452734
276 47 -0.817833
276 49 -0.0555113
276 77 -0.844
276 137 -0.63958
276 197 -1.44815
276 275 -1.87197
276 276 6.12083
276 277 -0.449997
277 19 0.00587465
277 47 -0.00369132
277 49 -1.90373
277 77 -1.74226
277 141 -0.765707
277 198 -0.714774
277 275 -1.08915
277 276 -0.449997
277 277 6.70611
278 75 -0.257238
278 76 -0.228464
278 77 -0.078233
278 193 -0.594892
278 195 -0.380956
278 278 2.68179
278 279 -0.870684
278 280 -0.333965
279 19 -0.0495291
279 75 0.0401376
279 76 -0.573947
279 77 -0.54622
279 196 -0.244826
279 198 -1.36949
279 278 -0.870684
279 279 4.12795
279 280 -0.487025
280 18 -0.00846173
280 75 -0.959057
280 76 0.011882
280 77 -1.1036
280 194 -0.205849
280 197 -0.683242
280 278 -0.333965
280 279 -0.487025
280 280 3.79344
281 48 -1.31183
281 78 -0.114154
281 139 0.0206782
281 281 5.77951
281 282 -0.0253843
281 283 -1.37617
282 48 0.118513
282 78 -2.49673
282 199 0.0620347
282 281 -0.0253843
282 282 9.61771
282 283 -2.30817
283 19 0.0231088
283 48 -0.230427
283 78 0.230427
283 140 -1.35985
283 200 -2.25859
283 281 -1.37617
283 282 -2.30817
283 283 7.36389
284 50 -6.30529
284 79 0.122871
284 143 0.144748
284 284 25.0149
284 285 -0.0761528
284 286 -5.99251
285 50 -0.109795
285 79 -5.1204
285 201 0.103391
285 284 -0.0761528
285 285 21.1767
285 286 -5.06051
286 20 0.0693264
286 50 0.230427
286 79 -0.230427
286 144 -5.87703
286 202 -4.97829
286 284 -5.99251
286 285 -5.06051
286 286 22.0917
287 2 0.046912
287 49 -0.188531
287 51 0.188531
287 80 -0.053162
287 142 -2.5884
287 146 -3.3207
287 287 12.05
287 288 -2.63766
287 289 -3.40323
288 19 0.0930592
288 49 -2.6535
288 51 -0.0905057
288 80 -2.89368
288 141 0.0599514
288 203 -2.87263
288 287 -2.63766
288 288 11.1351
288 289 -0.0535463
289 20 -0.11636
289 49 0.100612
289 51 -3.63029
289 80 -3.4892
289 145 0.099919
289 204 -3.70036
289 287 -3.40323
289 288 -0.0535463
289 289 14.3038
290 78 -0.230427
290 79 0.230427
290 80 0.0462176
290 199 -3.21834
290 201 -4.15034
290 290 14.7278
290 291 -4.06781
290 292 -3.16907
291 20 -0.100064
291 78 0.100186
291 79 -4.0769
291 80 -3.80362
291 202 -0.0651968
291 204 -3.7661
291 290 -4.06781
291 291 15.8212
291 292 0.0813241
292 19 0.109476
292 78 -2.97264
292 79 -0.124182
292 80 -3.14684
292 200 -0.0391181
292 203 -2.93869
292 290 -3.16907
292 291 0.0813241
292 292 12.2955
293 16 0.104478
293 43 -0.110566
293 81 -0.0133142
293 95 -0.151152
293 129 -0.199958
293 130 0.0155512
293 205 -0.04213
293 293 0.61802
293 294 0.111649
293 296 -0.142014
293 349 -0.0294207
293 350 -0.178759
294 16 0.135697
294 28 -0.0527043
294 43 -0.0225279
294 81 0.0433429
294 84 0.0993396
294 95 -0.0663382
294 129 0.0443113
294 205 -0.625279
294 206 0.175264
294 212 0.0817727
294 293 0.111649
294 294 2.04796
294 295 -0.343613
294 350 -0.698351
294 351 -0.927113
295 28 -0.011323
295 81 0.165491
295 84 -0.275957
295 95 -0.22082
295 206 -0.0803643
295 211 -0.237847
295 212 0.155654
295 294 -0.343613
295 295 1.07243
295 296 0.0249672
295 351 -0.238482
295 352 -0.0341505
296 43 0.0279176
296 84 -0.00927434
296 95 0.0229739
296 130 0.00643064
296 211 0.0162888
296 293 -0.142014
296 295 0.0249672
296 296 0.377607
296 349 -0.11584
296 352 -0.17938
297 1 0.89688
297 10 -0.358397
297 30 -0.124474
297 42 -0.218293
297 82 0.708594
297 96 -0.375503
297 103 -3.76989
297 104 1.3532
297 127 0.242418
297 207 0.371287
297 297 11.9774
297 298 -2.62671
297 300 0.982604
297 353 -4.16583
297 354 -4.88279
298 10 -0.172037
298 28 0.514599
298 30 0.983644
298 81 -0.0608018
298 82 -1.80367
298 96 -1.56566
298 104 -0.364816
298 206 -0.193887
298 207 1.15031
298 208 -2.16135
298 297 -2.62671
298 298 7.83489
298 299 0.556142
298 354 -1.45216
298 355 -0.627127
299 16 -0.0829902
299 28 0.304945
299 42 0.385412
299 81 -0.15526
299 82 -0.155091
299 96 0.0244186
299 128 0.120679
299 205 0.381124
299 206 -1.10652
299 208 0.197255
299 298 0.556142
299 299 5.53881
299 300 -1.68554
299 355 -2.38309
299 356 -1.93341
300 1 0.792454
300 16 -0.0572832
300 30 -0.170696
300 42 -1.08931
300 81 0.388499
300 96 -1.27598
300 103 -0.23459
300 127 -2.0779
300 128 0.451006
300 205 -0.116287
300 297 0.982604
300 299 -1.68554
300 300 6.05405
300 353 -1.35972
300 356 -0.594604
301 0 -0.471708
301 10 1.23281
301 31 0.340441
301 39 0.990511
301 82 -0.315946
301 97 -0.148217
301 105 -5.26882
301 106 1.64734
301 122 0.731375
301 207 0.533004
301 301 18.7054
301 302 1.30365
301 304 -3.82732
301 357 -8.20827
301 358 -7.21898
302 10 1.19413
302 28 -0.0553961
302 31 -0.16087
302 82 -2.14517
302 83 0.652678
302 97 -2.441
302 105 -0.528189
302 207 -3.20712
302 208 0.642924
302 210 -0.293753
302 301 1.30365
302 302 9.8013
302 303 -2.66889
302 358 -1.48102
302 359 -0.595584
303 14 0.471319
303 28 -0.136549
303 39 -0.218211
303 82 0.608335
303 83 -0.0546677
303 97 0.311712
303 121 0.419018
303 208 0.295836
303 209 -1.80812
303 210 0.562043
303 302 -2.66889
303 303 9.83951
303 304 0.709912
303 359 -3.84287
303 360 -4.47102
304 0 -0.135622
304 14 0.804768
304 31 1.42662
304 39 -3.20179
304 83 -0.0400838
304 97 -2.84179
304 106 -0.728594
304 121 -3.21455
304 122 1.44111
304 209 -0.418533
304 301 -3.82732
304 303 0.709912
304 304 11.9914
304 357 -1.44298
304 360 -0.496663
305 14 0.0102362
305 38 -0.625348
305 83 0.306246
305 98 -0.534864
305 119 -0.455157
305 120 0.223821
305 209 -0.195696
305 305 2.1641
305 306 -0.655523
305 308 0.0225469
305 361 0.00721349
305 362 -0.302164
306 14 -0.0795282
306 28 0.256599
306 38 0.174806
306 83 0.205771
306 84 -0.0451954
306 98 -0.0453592
306 120 0.194904
306 209 0.227517
306 210 -1.16068
306 212 0.131457
306 305 -0.655523
306 306 4.29538
306 307 0.193278
306 362 -2.00669
306 363 -1.67719
307 28 0.232366
307 83 -0.00370155
307 84 -0.36082
307 98 -0.432589
307 210 -0.131032
307 211 0.0276137
307 212 -0.494852
307 306 0.193278
307 307 1.58447
307 308 -0.341797
307 363 -0.280057
307 364 -0.0225692
308 38 -0.0146922
308 84 0.0720061
308 98 0.0972462
308 119 0.0477928
308 211 0.0299069
308 305 0.0225469
308 307 -0.341797
308 308 1.02404
308 361 -0.485646
308 364 -0.390441
309 2 0.146519
309 20 0.913635
309 33 0.599648
309 51 -2.32066
309 85 0.186487
309 99 -2.56307
309 110 -0.293268
309 145 -2.52836
309 146 -0.166113
309 213 -0.473581
309 309 12.4292
309 310 0.00750845
309 312 -2.1955
309 365 -1.57519
309 366 -2.1067
310 20 0.848508
310 29 0.0159581
310 51 0.00136812
310 85 -0.00244271
310 88 0.673548
310 99 -0.373159
310 145 0.461958
310 213 -3.48513
310 214 -0.114103
310 220 0.608188
310 309 0.00750845
310 310 18.7863
310 311 -2.65641
310 366 -7.02019
310 367 -7.6774
311 11 0.649057
311 29 0.282735
311 33 0.220711
311 85 0.989735
311 88 -3.11111
311 99 -2.84813
311 109 -0.399564
311 214 -0.623104
311 219 -2.2971
311 220 -0.197624
311 310 -2.65641
311 311 13.8225
311 312 -0.36834
311 367 -1.95768
311 368 -1.43124
312 2 0.0597251
312 11 0.417676
312 33 -0.379675
312 51 0.538359
312 88 0.0926974
312 99 -0.108611
312 109 -1.61494
312 110 -0.210225
312 146 0.283043
312 219 0.386451
312 309 -2.1955
312 311 -0.36834
312 312 13.0736
312 365 -4.71167
312 368 -5.20249
313 50 -0.316489
313 86 1.59949
313 100 -0.343554
313 143 1.01141
313 215 1.27428
313 313 36.3313
313 314 -6.41745
313 316 1.23516
313 369 -14.1239
313 370 -15.2046
314 29 1.56589
314 85 0.205227
314 86 -6.36207
314 100 -5.8755
314 214 -0.91705
314 215 0.968358
314 216 -5.5956
314 313 -6.41745
314 314 26.2043
314 315 0.401933
314 370 -3.08453
314 371 -2.14604
315 20 -0.115952
315 29 1.05016
315 50 1.30314
315 85 -0.348643
315 86 -0.131174
315 100 0.133499
315 144 0.701912
315 213 0.454182
315 214 -4.18985
315 216 0.900919
315 314 0.401933
315 315 26.316
315 316 -5.36599
315 371 -10.9387
315 372 -10.0834
316 20 0.0936852
316 50 -4.95429
316 85 1.46342
316 100 -5.39291
316 143 -6.17792
316 144 0.666144
316 213 -0.714325
316 313 1.23516
316 315 -5.36599
316 316 24.1163
316 369 -3.50229
316 372 -2.53395
317 34 1.65637
317 86 -0.238505
317 101 0.529412
317 111 1.88412
317 215 1.56533
317 317 44.725
317 318 0.671009
317 320 -6.90568
317 373 -20.0337
317 374 -18.7415
318 29 0.329349
318 86 -6.88531
318 87 1.6704
318 101 -7.41808
318 215 -6.65839
318 216 0.101385
318 218 -1.13996
318 317 0.671009
318 318 28.4037
318 319 -5.82326
318 374 -2.60245
318 375 -1.68162
319 12 1.07676
319 29 -0.0362395
319 34 -0.0345641
319 86 1.36069
319 87 0.273578
319 101 0.988383
319 112 1.3569
319 216 1.11975
319 217 -4.49389
319 218 -0.0457437
319 318 -5.82326
319 319 32.8769
319 320 -0.230949
319 375 -13.6437
319 376 -14.6168
320 12 1.77816
320 34 -8.55883
320 87 0.464484
320 101 -7.98171
320 111 0.34605
320 112 -6.05451
320 217 -1.38152
320 317 -6.90568
320 319 -0.230949
320 320 30.7259
320 373 -2.06202
320 376 -1.14932
321 0 0.72625
321 12 0.496195
321 32 0.3803
321 35 -4.25289
321 87 1.12893
321 102 -3.96607
321 107 -0.630356
321 113 -0.653389
321 114 -2.42096
321 217 -0.9587
321 321 16.3158
321 322 -2.81693
321 324 -0.823727
321 377 -0.9416
321 378 -1.48001
322 12 0.108136
322 29 0.884648
322 35 0.677168
322 87 0.615094
322 88 0.0776205
322 102 0.0541631
322 113 0.936512
322 217 -0.664325
322 218 -3.78226
322 220 0.767226
322 321 -2.81693
322 322 23.7141
322 323 -0.420491
322 378 -10.3712
322 379 -9.67288
323 11 0.299651
323 29 1.06087
323 32 0.690801
323 87 0.386708
323 88 -3.39944
323 102 -3.67728
323 108 -0.513146
323 218 -0.785677
323 219 -0.590475
323 220 -2.74944
323 322 -0.420491
323 323 15.1139
323 324 -2.36952
323 379 -1.74349
323 380 -1.21437
324 0 0.40661
324 11 0.127747
324 32 -0.101666
324 35 0.173543
324 88 0.558108
324 102 0.321267
324 107 -1.67572
324 108 -0.557987
324 114 0.611138
324 219 0.497016
324 321 -0.823727
324 323 -2.36952
324 324 16.6056
324 377 -7.0776
324 380 -6.61
325 0 0.105552
325 35 2.43982
325 36 1.31018
325 89 -0.119615
325 114 -7.38131
325 115 -5.91417
325 325 23.3625
325 326 -7.56005
325 327 -6.03197
326 12 -0.198442
326 35 -8.20635
326 36 0.16735
326 89 -7.81337
326 113 2.67273
326 221 -8.4265
326 325 -7.56005
326 326 27.7357
326 327 1.87952
327 13 0.166848
327 35 -0.165443
327 36 -5.91135
327 89 -6.56894
327 116 1.60364
327 222 -6.36273
327 325 -6.03197
327 326 1.87952
327 327 21.5851
328 34 -14.2303
328 90 0.201808
328 111 4.48193
328 328 48.5024
328 329 -13.3651
328 330 3.45366
329 12 0.155984
329 34 4.12784
329 90 2.74716
329 112 -13.1122
329 223 -11.3123
329 328 -13.3651
329 329 42.8313
329 330 -11.5042
330 34 -0.203636
330 90 -11.4462
330 224 3.20138
330 328 3.45366
330 329 -11.5042
330 330 41.0539
331 37 -2.88739
331 91 -0.203027
331 118 0.640276
331 331 11.2018
331 332 -3.21444
331 333 1.15122
332 13 0.0519948
332 37 0.455497
332 91 1.83617
332 117 -3.17078
332 225 -4.97071
332 331 -3.21444
332 332 14.2771
332 333 -5.07532
333 37 0.202417
333 91 -5.67146
333 226 1.92083
333 331 1.15122
333 332 -5.07532
333 333 18.6503
334 12 -0.184344
334 89 -8.4913
334 90 -9.23899
334 91 0.180281
334 221 -8.58136
334 223 2.61372
334 334 30.6706
334 335 -9.04146
334 336 2.34965
335 89 0.10399
335 90 2.982
335 91 1.60133
335 224 -9.2202
335 226 -7.35932
335 334 -9.04146
335 335 28.5542
335 336 -7.24152
336 13 0.184688
336 89 -7.1264
336 90 -0.213437
336 91 -6.64331
336 222 -6.50441
336 225 1.56823
336 334 2.34965
336 335 -7.24152
336 336 23.8419
337 0 -0.0393507
337 31 -2.59603
337 32 -2.65397
337 92 0.0357049
337 106 -1.64669
337 107 -1.88815
337 337 12.2792
337 338 -1.6056
337 339 -1.8304
338 10 0.0572688
338 31 -1.55966
338 32 -0.0651988
338 92 -1.55303
338 105 -2.30843
338 227 -1.496
338 337 -1.6056
338 338 10.9225
338 339 -2.34317
339 11 -0.0106264
339 31 0.0117856
339 32 -1.69
339 92 -1.69732
339 108 -2.72814
339 228 -1.54093
339 337 -1.8304
339 338 -2.34317
339 339 11.8817
340 1 0.042329
340 30 -0.891948
340 41 -0.887403
340 93 -0.0488701
340 103 -1.32778
340 126 -0.836179
340 340 6.24471
340 341 -0.937636
340 342 -1.32938
341 10 -0.0323582
341 30 -1.54181
341 41 0.0301881
341 93 -1.58319
341 104 -0.970498
341 229 -1.14534
341 340 -0.937636
341 341 7.30903
341 342 -1.09583
342 15 -0.00259228
342 30 0.00522717
342 41 -0.987883
342 93 -0.982766
342 125 -0.86473
342 230 -1.62284
342 340 -1.32938
342 341 -1.09583
342 342 6.91154
343 2 0.00535506
343 33 -1.35771
343 40 -1.36294
343 94 -0.00350142
343 110 -2.21296
343 123 -1.20491
343 343 9.54279
343 344 -1.50252
343 345 -1.86113
344 11 -0.0453015
344 33 -2.20819
344 40 0.0422633
344 94 -2.16681
344 109 -1.56851
344 231 -1.39367
344 343 -1.50252
344 344 10.2326
344 345 -1.34433
345 15 0.0502763
345 33 -0.0575987
345 40 -1.26246
345 94 -1.26689
345 124 -1.17636
345 232 -1.9179
345 343 -1.86113
345 344 -1.34433
345 345 8.87596
346 10 0.00852809
346 92 -1.31555
346 93 -1.32177
346 94 -0.00658765
346 227 -1.44237
346 229 -1.80511
346 346 9.25043
346 347 -1.18208
346 348 -2.14433
347 15 0.0362257
347 92 -0.0388299
347 93 -1.85431
347 94 -1.89569
347 230 -1.14098
347 232 -1.29918
347 346 -1.18208
347 347 8.77083
347 348 -1.35693
348 11 -0.0614205
348 92 -1.43411
348 93 0.0537509
348 94 -1.42858
348 228 -1.49571
348 231 -2.13332
348 346 -2.14433
348 347 -1.35693
348 348 10.0454
349 43 -0.0920931
349 95 0.016491
349 130 -0.0712858
349 293 -0.0294207
349 296 -0.11584
349 349 0.336012
350 16 -0.489384
350 43 0.0955812
350 81 0.141754
350 95 -0.278991
350 129 -0.531393
350 205 -0.180452
350 293 -0.178759
350 294 -0.698351
350 350 2.12491
351 28 0.182245
351 81 -0.740945
351 84 -0.425973
351 95 0.142323
351 206 -0.204014
351 212 -1.1387
351 294 -0.927113
351 295 -0.238482
351 351 3.36002
352 84 0.02272
352 95 -0.18449
352 211 -0.237788
352 295 -0.0341505
352 296 -0.17938
352 352 0.687989
353 1 -3.40323
353 30 1.24097
353 42 0.918149
353 96 -2.37304
353 103 -1.57734
353 127 -3.61036
353 297 -4.16583
353 300 -1.35972
353 353 14.3466
354 10 1.40778
354 30 -4.09591
354 82 -2.93556
354 96 1.09178
354 104 -1.5781
354 207 -5.55962
354 297 -4.88279
354 298 -1.45216
354 354 18.0317
355 28 -1.28945
355 81 0.446429
355 82 0.582504
355 96 -1.9002
355 206 -0.630594
355 208 -2.8009
355 298 -0.627127
355 299 -2.38309
355 355 8.62055
356 16 0.344908
356 42 -1.43604
356 81 -0.959028
356 96 0.485562
356 128 -1.59542
356 205 -0.542102
356 299 -1.93341
356 300 -0.594604
356 356 6.24058
357 0 1.6812
357 31 -5.65703
357 39 -4.17651
357 97 1.39693
357 106 -1.31861
357 122 -9.17632
357 301 -8.20827
357 304 -1.44298
357 357 26.9628
358 10 -4.84491
358 31 1.55553
358 82 1.25174
358 97 -3.53448
358 105 -1.49396
358 207 -6.40432
358 301 -7.21898
358 302 -1.48102
358 358 22.2123
359 28 0.536458
359 82 -2.39164
359 83 -1.6393
359 97 0.660193
359 208 -3.33368
359 210 -0.677908
359 302 -0.595584
359 303 -3.84287
359 359 11.3129
360 14 -2.0128
360 39 0.716907
360 83 0.61424
360 97 -2.91802
360 121 -5.08266
360 209 -0.682199
360 303 -4.47102
360 304 -0.496663
360 360 14.3744
361 38 0.0124509
361 98 -0.392836
361 119 -0.578035
361 305 0.00721349
361 308 -0.485646
361 361 1.57472
362 14 0.220041
362 38 -0.747445
362 83 -1.29597
362 98 0.217093
362 120 -2.32716
362 209 -0.134201
362 305 -0.302164
362 306 -2.00669
362 362 6.4
363 28 -1.0085
363 83 0.20885
363 84 0.18304
363 98 -0.581573
363 210 -0.189593
363 212 -1.41439
363 306 -1.67719
363 307 -0.280057
363 363 4.77489
364 84 -0.284283
364 98 0.0216915
364 211 -0.316086
364 307 -0.0225692
364 308 -0.390441
364 364 1.09786
365 2 -0.117625
365 33 -1.58684
365 51 -2.11739
365 99 -0.274126
365 110 -1.64796
365 146 -4.26744
365 309 -1.57519
365 312 -4.71167
365 365 16.4061
366 20 -3.38463
366 51 0.112608
366 85 -0.00175583
366 99 -2.60704
366 145 -6.4195
366 213 -1.98503
366 309 -2.1067
366 310 -7.02019
366 366 23.5461
367 29 -0.247999
367 85 -3.56023
367 88 -2.71202
367 99 -0.0849256
367 214 -1.7363
367 220 -8.31842
367 310 -7.6774
367 311 -1.95768
367 367 26.4596
368 11 -1.64794
368 33 -0.286318
368 88 -0.4829
368 99 -2.24309
368 109 -1.58228
368 219 -5.66222
368 311 -1.43124
368 312 -5.20249
368 368 18.6712
369 50 1.36142
369 100 -6.30234
369 143 -13.1126
369 313 -14.1239
369 316 -3.50229
369 369 45.7321
370 86 -6.54021
370 100 1.10938
370 215 -16.3254
370 313 -15.2046
370 314 -3.08453
370 370 50.1717
371 29 -4.27624
371 85 0.345717
371 86 0.25178
371 100 -5.47628
371 214 -2.42167
371 216 -11.7998
371 314 -2.14604
371 315 -10.9387
371 371 36.6564
372 20 0.570436
372 50 -5.23998
372 85 -4.11082
372 100 0.532395
372 144 -9.29356
372 213 -2.68355
372 315 -10.0834
372 316 -2.53395
372 372 33.0006
373 34 -7.0334
373 101 0.512949
373 111 -21.3712
373 317 -20.0337
373 320 -2.06202
373 373 60.2409
374 86 0.825495
374 101 -6.78263
374 215 -17.5118
374 317 -18.7415
374 318 -2.60245
374 374 55.0053
375 29 0.0923022
375 86 -5.70617
375 87 -4.42513
375 101 -0.0633125
375 216 -12.7147
375 218 -2.09423
375 318 -1.68162
375 319 -13.6437
375 375 40.4717
376 12 -4.56372
376 34 -0.408732
376 87 -0.183729
376 101 -5.93668
376 112 -15.6093
376 217 -1.71288
376 319 -14.6168
376 320 -1.14932
376 376 44.4589
377 0 -1.67083
377 32 -0.646745
377 35 -0.940957
377 102 -2.39732
377 107 -1.27076
377 114 -7.53645
377 321 -0.9416
377 324 -7.0776
377 377 22.6637
378 12 -0.81458
378 35 -2.84271
378 87 -3.84574
378 102 -0.53527
378 113 -11.0717
378 217 -1.02933
378 321 -1.48001
378 322 -10.3712
378 378 32.2204
379 29 -3.71085
379 87 -0.52106
379 88 -0.303623
379 102 -2.78811
379 218 -1.41334
379 220 -8.99824
379 322 -9.67288
379 323 -1.74349
379 379 29.3484
380 11 -0.466058
380 32 -1.6732
380 88 -2.33294
380 102 -0.707925
380 108 -1.44999
380 219 -6.14502
380 323 -1.21437
380 324 -6.61
380 380 20.757
-0.121436
0.0014419
-0.0289666
0
0
0
0
0
0
0
-0.0111673
-0.106898
-0.525053
0.0593211
0.015843
0.00337597
0.000644977
0.000506004
0.00351006
0.0418606
-0.223371
0
0
0
0
0
0
0
0.00376275
-0.596981
-0.00112479
-0.0335955
-0.134673
-0.0885478
-0.562147
-0.36982
0.0463057
0.113521
0.00416819
0.0166747
0.00366439
0.00289766
0.0027739
-0.000219231
-7.79331e-05
0.00120591
-0.00185239
0.0100483
0.0611095
0.0310856
-0.301031
-0.140669
0
0
0
0
0
0
0
0
0
0
0
0
0
0
0.0260391
0.00686718
0.00552754
-0.000201143
9.59235e-05
0.00159972
0.00105762
0.00238407
0.00210886
-0.00281769
-0.00405266
0.000676379
0.00131757
-0.000562707
0.007266
0.00309675
-0.00380053
0.000330892
0.00143849
-0.49365
-0.790294
-0.723553
-0.373909
0.00932511
-0.0515008
-0.0189716
0.00512466
0.00408
0.00455118
0.000459198
0.00249527
-0.0227365
0.00240673
-0.303971
-0.677453
-0.905517
-0.468017
-0.0115555
-0.0568506
-0.14753
-0.301503
-0.477552
-0.37315
-0.304735
-0.256515
-3.72002
-3.52313
-2.5219
-1.44384
-1.45427
-1.36458
-0.971277
0.0697895
0.00718182
-0.0219632
-0.194359
-0.62214
-0.193456
-0.104321
-0.0453757
-0.0107765
0.00863824
0.00946916
0.00224315
-0.000330258
0.0125971
0.00175995
0.00352436
0.00394956
0.0221164
-0.0172141
-0.0953944
-0.231318
0.201807
-0.262442
-0.454337
-0.477982
-2.40039
-1.68539
-1.03619
-0.541189
0
0
0
0
0
0
0
0
0
0
0
0
0
0
0
0
0
0
0
0
0
0
0
0
0
0
0
0
-0.78393
-0.261993
-0.600872
0.0887853
-0.102488
0.0528096
-0.00124476
0.0059644
-7.37819e-05
0.00639396
0.0117438
0.00948306
-0.0247141
-0.00521499
-0.0504473
-0.0649577
-0.00588534
-0.0401879
0.0810648
-0.0392347
0.113208
-0.131017
-0.0974144
-0.214094
-1.63007
-0.708252
-2.22706
-2.05137
-0.785691
-1.56009
0.00445956
0.00706301
-0.0309201
0.00151286
-0.0106281
0.00468606
-0.0002488
0.00564449
-0.895654
-1.08896
-1.66183
-1.39425
-1.60653
-1.3176
-0.554014
-0.969444
-3.74015
-2.05163
-4.57981
-4.93045
-1.92405
-3.92671
-0.16438
-0.26396
-0.106866
-0.0800059
-0.241054
-0.114067
-0.917497
-0.874247
-0.531388
0.179003
-0.296988
0.118631
0.0179247
-0.0152241
0.0358683
-0.385734
-0.110269
-0.213596
-0.000800421
-0.00135604
0.00136125
0.00812647
0.00266134
0.00497798
0.0145826
0.0158842
0.0128353
0.00353134
0.00819006
0.00790769
0.00386103
-0.00755106
-0.00237994
-0.133203
-0.0856501
-0.095217
-0.00749225
-0.00634837
-0.0216039
-0.031484
-0.0362675
-0.017203
0.0380977
0.0585587
0.00616361
0.193307
0.146914
0.00044013
-0.27155
-0.175629
-0.257106
0.00441415
-0.0949663
-0.0620602
-0.337976
-1.00199
-0.569129
-3.20268
-2.75314
-2.60647
-0.795159
-0.805663
-1.141
-1.65581
-1.6209
-1.17652
0.00032841
0.00351856
0.00185711
-0.000307542
-0.00349227
-0.000454753
0.0062671
0.0056176
-0.0952293
-0.024891
-0.0195202
-0.0836019
0.00478682
0.00411763
0.00387901
0.000582894
-0.549494
-0.79529
-0.676129
-0.44959
-1.47732
-1.46773
-1.17433
-1.24193
-1.79677
-1.69539
-1.64252
-1.93302
-1.06338
-1.1922
-0.83886
-0.700538
-2.10768
-2.8881
-2.09041
-5.74495
-5.31918
-5.57815
-1.243
-1.68199
-2.67652
-3.81002
-3.90228
-2.91704
-0.32804
-0.237732
-0.2923
-0.0319333
-0.0632166
-0.0525094
-0.207633
-0.223091
-0.156852
-0.142925
-0.126757
-0.187803
-0.000416224
0.00452341
0.00928761
-0.000614807
0.00172865
-0.0317287
0.00879003
0.0109025
-0.306141
-0.12151
-0.0158179
-0.0867207
0.00285197
-0.00161895
0.0103354
0.000233672
-0.813423
-1.4403
-1.76121
-1.00058
-2.73748
-3.14344
-2.56666
-2.14195
-3.67311
-3.46424
-3.0331
-3.57642
-1.60496
-2.6748
-2.1555
-1.24915
