3937
381 381
0 0 11.3358
4 0 0.14113
5 0 -0.958496
10 0 -0.204108
15 0 0.210149
17 0 -0.646807
23 0 -0.0408533
24 0 -0.0356948
26 0 -0.127795
73 0 0.321267
74 0 -3.67728
75 0 0.0541631
76 0 -3.96607
93 0 0.679084
94 0 0.132802
95 0 1.09543
96 0 0.440819
126 0 0.555124
127 0 0.118437
131 0 0.340077
132 0 0.709334
143 0 -0.707925
144 0 -2.78811
145 0 -0.53527
146 0 -2.39732
1 1 9.17887
4 1 0.0779356
6 1 -0.668418
10 1 -0.00947279
12 1 0.02275
16 1 -0.44286
20 1 -0.188171
24 1 -0.122211
55 1 -0.0115988
79 1 -0.108611
80 1 -2.84813
81 1 -0.373159
82 1 -2.56307
93 1 0.0381288
94 1 0.553504
98 1 0.232662
99 1 0.953544
117 1 0.054739
118 1 0.65785
129 1 0.184044
130 1 0.624541
151 1 -2.24309
152 1 -0.0849256
153 1 -2.60704
154 1 -0.274126
2 2 7.82592
7 2 -0.395743
8 2 0.0925827
11 2 0.037802
14 2 0.156356
18 2 -0.720913
22 2 -0.157391
25 2 -0.26636
26 2 0.0968451
84 2 -2.84179
85 2 0.311712
86 2 -2.441
87 2 -0.148217
101 2 -0.0469689
102 2 0.724808
103 2 -0.187224
104 2 0.846342
123 2 -0.364909
124 2 0.726833
133 2 -0.153056
134 2 1.31043
157 2 -2.91802
158 2 0.660193
159 2 -3.53448
160 2 1.39693
3 3 4.82853
8 3 0.0444733
9 3 -0.194797
11 3 -0.102632
13 3 0.0106746
19 3 -0.39813
21 3 0.0261541
25 3 0.0785553
72 3 -0.184789
88 3 -1.27598
89 3 0.0244186
90 3 -1.56566
91 3 -0.375503
103 3 0.495004
104 3 -0.267079
105 3 0.448017
106 3 -0.0578704
121 3 -0.121868
122 3 0.575729
135 3 -0.175864
136 3 0.888883
161 3 0.485562
162 3 -1.9002
163 3 1.09178
164 3 -2.37304
0 4 0.14113
1 4 0.0779356
4 4 10.2793
5 4 -0.0246493
6 4 -0.196985
10 4 -0.809522
16 4 -0.0232271
17 4 -0.125834
24 4 -0.54398
73 4 0.558108
74 4 -3.39944
75 4 0.0776205
79 4 0.0926974
80 4 -3.11111
81 4 0.673548
93 4 -0.174065
94 4 0.0899687
95 4 0.333494
98 4 1.02638
130 4 0.260407
131 4 0.670422
143 4 -2.33294
144 4 -0.303623
151 4 -0.4829
152 4 -2.71202
0 5 -0.958496
4 5 -0.0246493
5 5 15.8166
10 5 0.240611
15 5 -0.210065
23 5 0.339724
27 5 -1.36139
31 5 -0.318131
59 5 -0.0170442
74 5 0.386708
75 5 0.615094
76 5 1.12893
77 5 0.273578
93 5 0.0605869
95 5 -5.31248
96 5 -5.72755
97 5 1.0661
109 5 0.464484
110 5 1.6704
127 5 0.892523
128 5 0.00884463
144 5 -0.52106
145 5 -3.84574
147 5 -0.183729
148 5 -4.42513
1 6 -0.668418
4 6 -0.196985
6 6 12.9021
10 6 0.150388
12 6 0.00422184
20 6 0.0705998
28 6 -0.966728
31 6 0.0197251
56 6 -0.293626
78 6 -0.348643
80 6 0.989735
81 6 -0.00244271
82 6 0.186487
93 6 0.870819
97 6 -0.0781918
98 6 -4.15915
99 6 -3.7829
111 6 1.46342
112 6 0.205227
118 6 -0.0245516
119 6 1.02674
149 6 -4.11082
150 6 0.345717
152 6 -3.56023
153 6 -0.00175583
2 7 -0.395743
7 7 3.79791
8 7 -0.129087
11 7 0.0533594
14 7 0.0421337
22 7 0.0893589
29 7 -0.178469
32 7 0.0125861
58 7 -0.0661369
83 7 0.205771
84 7 -0.0400838
85 7 -0.0546677
86 7 0.652678
100 7 -0.0667718
101 7 -1.20814
102 7 -1.44346
103 7 0.386559
113 7 -0.00370155
114 7 0.306246
124 7 -0.162345
125 7 0.320851
155 7 0.20885
156 7 -1.29597
157 7 0.61424
158 7 -1.6393
2 8 0.0925827
3 8 0.0444733
7 8 -0.129087
8 8 6.23406
9 8 0.0324504
11 8 -0.285159
18 8 0.0882616
19 8 -0.224099
25 8 -0.544285
85 8 0.608335
86 8 -2.14517
87 8 -0.315946
89 8 -0.155091
90 8 -1.80367
91 8 0.708594
101 8 0.579901
103 8 0.141297
104 8 -0.288459
105 8 -0.0571307
134 8 -0.171094
135 8 1.08929
158 8 -2.39164
159 8 1.25174
162 8 0.582504
163 8 -2.93556
3 9 -0.194797
8 9 0.0324504
9 9 2.02925
11 9 0.0271056
13 9 -0.0776633
21 9 0.00967651
30 9 -0.0751016
32 9 -0.038421
57 9 0.0075561
88 9 0.388499
89 9 -0.15526
90 9 -0.0608018
92 9 0.0433429
100 9 0.195111
103 9 -0.110094
105 9 -0.706464
106 9 -0.540311
115 9 0.165491
116 9 -0.0133142
120 9 -0.0374546
121 9 0.225517
161 9 -0.959028
162 9 0.446429
165 9 -0.740945
166 9 0.141754
0 10 -0.204108
1 10 -0.00947279
4 10 -0.809522
5 10 0.240611
6 10 0.150388
10 10 14.3442
27 10 0.00215695
28 10 -0.306241
31 10 -1.1564
74 10 1.06087
75 10 0.884648
77 10 -0.0362395
78 10 1.05016
80 10 0.282735
81 10 0.0159581
93 10 0.285872
95 10 -4.91943
97 10 -0.0560154
98 10 -4.52309
110 10 0.329349
112 10 1.56589
144 10 -3.71085
148 10 0.0923022
150 10 -4.27624
152 10 -0.247999
2 11 0.037802
3 11 -0.102632
7 11 0.0533594
8 11 -0.285159
9 11 0.0271056
11 11 2.85546
29 11 -0.0518013
30 11 0.0103752
32 11 -0.121106
83 11 0.256599
85 11 -0.136549
86 11 -0.0553961
89 11 0.304945
90 11 0.514599
92 11 -0.0527043
100 11 0.108237
101 11 -1.03854
103 11 -0.12191
105 11 -0.840182
113 11 0.232366
115 11 -0.011323
155 11 -1.0085
158 11 0.536458
162 11 -1.28945
165 11 0.182245
1 12 0.02275
6 12 0.00422184
12 12 9.45799
16 12 -0.116341
20 12 0.254026
37 12 0.886351
44 12 -0.0015625
55 12 0.20343
79 12 0.538359
81 12 0.00136812
82 12 -2.32066
99 12 0.140661
117 12 -1.72674
118 12 -2.31577
129 12 0.56977
153 12 0.112608
154 12 -2.11739
186 12 -3.63029
187 12 -0.0905057
188 12 0.188531
225 12 0.058206
247 12 -0.102713
3 13 0.0106746
9 13 -0.0776633
13 13 2.78626
19 13 0.0678599
21 13 -0.0208742
42 13 0.16797
46 13 0.0778177
72 13 -0.056844
88 13 -1.08931
89 13 0.385412
91 13 -0.218293
106 13 0.326871
121 13 -0.175685
122 13 -0.488482
136 13 -0.168856
161 13 -1.43604
164 13 0.918149
207 13 0.0118498
208 13 -0.691591
209 13 -0.324617
240 13 -0.0337138
253 13 0.029981
2 14 0.156356
7 14 0.0421337
14 14 8.35412
18 14 -0.311976
22 14 -0.102315
26 14 -0.205452
43 14 0.386391
49 14 0.310156
84 14 -3.20179
85 14 -0.218211
87 14 0.990511
102 14 -0.0263385
123 14 -1.02248
124 14 -0.393391
133 14 1.55479
157 14 0.716907
160 14 -4.17651
212 14 -1.57301
213 14 0.00138649
214 14 -1.2664
245 14 -0.0903802
262 14 0.0825901
0 15 0.210149
5 15 -0.210065
15 15 16.8425
17 15 -0.0484295
23 15 0.61382
26 15 0.47422
36 15 1.99429
49 15 -0.472266
73 15 0.173543
75 15 0.677168
76 15 -4.25289
96 15 1.16207
126 15 -3.34292
127 15 -4.44724
132 15 0.420151
145 15 -2.84271
146 15 -0.940957
181 15 -0.165443
182 15 -8.20635
183 15 2.43982
224 15 0.130964
262 15 -0.175549
1 16 -0.44286
4 16 -0.0232271
12 16 -0.116341
16 16 7.26151
24 16 0.209543
33 16 0.546115
48 16 0.33974
55 16 0.165645
79 16 -0.379675
80 16 0.220711
82 16 0.599648
94 16 0.0934907
117 16 0.407375
129 16 -1.55637
130 16 -1.76357
151 16 -0.286318
154 16 -1.58684
170 16 -0.0575987
171 16 -2.20819
172 16 -1.35771
216 16 -0.00265738
259 16 -0.0482118
0 17 -0.646807
4 17 -0.125834
15 17 -0.0484295
17 17 8.90297
18 17 0.655339
24 17 0.251594
26 17 0.290389
35 17 0.4229
73 17 -0.101666
74 17 0.690801
76 17 0.3803
94 17 0.416391
126 17 0.160788
131 17 -2.14292
132 17 -2.29617
133 17 -0.0185521
143 17 -1.6732
146 17 -0.646745
176 17 -1.69
177 17 -0.0651988
178 17 -2.65397
219 17 -0.0423478
2 18 -0.720913
8 18 0.0882616
14 18 -0.311976
17 18 0.655339
18 18 10.9052
25 18 0.245601
26 18 0.340269
35 18 0.387907
84 18 1.42662
86 18 -0.16087
87 18 0.340441
104 18 -0.414923
123 18 1.41607
132 18 0.0646736
133 18 -3.22643
134 18 -2.74706
159 18 1.55553
160 18 -5.65703
176 18 0.0117856
177 18 -1.55966
178 18 -2.59603
220 18 -0.0358328
3 19 -0.39813
8 19 -0.224099
13 19 0.0678599
19 19 7.03153
25 19 0.166704
34 19 0.390082
47 19 0.221588
72 19 0.102635
88 19 -0.170696
90 19 0.983644
91 19 -0.124474
104 19 1.06013
122 19 -0.302381
135 19 -1.94822
136 19 -1.59075
163 19 -4.09591
164 19 1.24097
173 19 0.00522717
174 19 -1.54181
175 19 -0.891948
218 19 0.0498206
256 19 -0.0289271
1 20 -0.188171
6 20 0.0705998
12 20 0.254026
20 20 13.0219
28 20 0.0353418
37 20 -0.00217014
56 20 0.294707
62 20 1.1982
78 20 -0.115952
81 20 0.848508
82 20 0.913635
99 20 -3.45178
111 20 0.0936852
118 20 -2.30921
119 20 -3.00767
149 20 0.570436
153 20 -3.38463
185 20 -0.100064
186 20 -0.11636
225 20 0.209479
227 20 -4.88446
267 20 0.0693264
3 21 0.0261541
9 21 0.00967651
13 21 -0.0208742
21 21 1.11105
30 21 -0.0258232
42 21 0.0380743
57 21 -0.0047012
67 21 0.0691667
88 21 -0.0572832
89 21 -0.0829902
92 21 0.135697
106 21 -0.438252
116 21 0.104478
120 21 -0.0524139
121 21 -0.221184
161 21 0.344908
166 21 -0.489384
205 21 0.00664889
208 21 0.0213806
240 21 -0.160663
242 21 -0.292307
275 21 -0.020961
2 22 -0.157391
7 22 0.0893589
14 22 -0.102315
22 22 4.4233
29 22 0.0141225
43 22 0.180924
58 22 -0.0437668
68 22 0.19977
83 22 -0.0795282
84 22 0.804768
85 22 0.471319
102 22 -1.65315
114 22 0.0102362
124 22 -0.61492
125 22 -0.160909
156 22 0.220041
157 22 -2.0128
210 22 -0.00761872
212 22 0.0643844
243 22 -0.824577
245 22 -0.740099
277 22 -0.0762969
0 23 -0.0408533
5 23 0.339724
15 23 0.61382
23 23 22.98
27 23 -0.329715
36 23 -0.655924
59 23 0.747585
61 23 2.69595
75 23 0.108136
76 23 0.496195
77 23 1.07676
96 23 -6.14585
109 23 1.77816
127 23 -4.468
128 23 -5.75059
145 23 -0.81458
147 23 -4.56372
180 23 -0.184344
182 23 -0.198442
222 23 -11.0308
224 23 3.23174
265 23 0.155984
0 24 -0.0356948
1 24 -0.122211
4 24 -0.54398
16 24 0.209543
17 24 0.251594
24 24 8.1627
33 24 0.386518
35 24 0.608529
73 24 0.127747
74 24 0.299651
79 24 0.417676
80 24 0.649057
94 24 -0.252361
130 24 -1.86107
131 24 -2.04234
143 24 -0.466058
151 24 -1.64794
167 24 -0.0614205
171 24 -0.0453015
176 24 -0.0106264
216 24 -1.54469
219 24 -2.46233
2 25 -0.26636
3 25 0.0785553
8 25 -0.544285
18 25 0.245601
19 25 0.166704
25 25 8.84508
34 25 0.29955
35 25 0.514909
86 25 1.19413
87 25 1.23281
90 25 -0.172037
91 25 -0.358397
104 25 0.0705168
134 25 -2.53606
135 25 -2.11977
159 25 -4.84491
163 25 1.40778
169 25 0.00852809
174 25 -0.0323582
177 25 0.0572688
218 25 -1.20497
220 25 -2.03767
0 26 -0.127795
2 26 0.0968451
14 26 -0.205452
15 26 0.47422
17 26 0.290389
18 26 0.340269
26 26 11.7686
49 26 1.04854
73 26 0.40661
76 26 0.72625
84 26 -0.135622
87 26 -0.471708
123 26 -0.722755
126 26 -3.28461
132 26 -2.39595
133 26 -3.48088
146 26 -1.67083
160 26 1.6812
178 26 -0.0393507
183 26 0.105552
214 26 -0.104854
262 26 -4.28147
5 27 -1.36139
10 27 0.00215695
23 27 -0.329715
27 27 21.6063
31 27 0.366301
59 27 0.502894
77 27 0.988383
95 27 0.395838
96 27 1.72373
97 27 -0.0850641
109 27 -7.98171
110 27 -7.41808
128 27 1.38424
137 27 0.529412
141 27 1.62856
147 27 -5.93668
148 27 -0.0633125
282 27 -0.193289
283 27 -6.78263
284 27 0.512949
6 28 -0.966728
10 28 -0.306241
20 28 0.0353418
28 28 17.836
31 28 0.242233
56 28 0.131527
78 28 0.133499
97 28 1.33428
98 28 1.51388
99 28 0.148588
111 28 -5.39291
112 28 -5.8755
119 28 -0.172081
138 28 -0.343554
141 28 -0.279763
149 28 0.532395
150 28 -5.47628
279 28 1.56787
285 28 1.10938
286 28 -6.30234
7 29 -0.178469
11 29 -0.0518013
22 29 0.0141225
29 29 1.36068
32 29 0.0203633
58 29 0.0353601
83 29 -0.0453592
100 29 0.136416
101 29 0.269533
102 29 0.00127801
113 29 -0.432589
114 29 -0.534864
125 29 -0.0557027
139 29 0.0972462
142 29 -0.0124242
155 29 -0.581573
156 29 0.217093
281 29 0.0956903
287 29 0.0216915
288 29 -0.392836
9 30 -0.0751016
11 30 0.0103752
21 30 -0.0258232
30 30 0.592263
32 30 0.00984889
57 30 0.00332976
92 30 -0.0663382
100 30 -0.0341182
105 30 -0.0142006
106 30 0.135572
115 30 -0.22082
116 30 -0.151152
120 30 0.0632462
140 30 0.0229739
142 30 0.0494834
165 30 0.142323
166 30 -0.278991
280 30 -0.00535226
289 30 -0.18449
290 30 0.016491
5 31 -0.318131
6 31 0.0197251
10 31 -1.1564
27 31 0.366301
28 31 0.242233
31 31 19.6612
77 31 1.36069
78 31 -0.131174
95 31 1.61747
97 31 0.535397
98 31 0.266293
110 31 -6.88531
112 31 -6.36207
137 31 -0.238505
138 31 1.59949
141 31 0.0700822
148 31 -5.70617
150 31 0.25178
283 31 0.825495
285 31 -6.54021
7 32 0.0125861
9 32 -0.038421
11 32 -0.121106
29 32 0.0203633
30 32 0.00984889
32 32 0.948558
83 32 -0.0451954
92 32 0.0993396
100 32 -0.0635744
101 32 -0.00944065
105 32 0.199319
113 32 -0.36082
115 32 -0.275957
139 32 0.0720061
140 32 -0.00927434
142 32 0.0527631
155 32 0.18304
165 32 -0.425973
287 32 -0.284283
289 32 0.02272
16 33 0.546115
24 33 0.386518
33 33 7.12207
34 33 0.468099
35 33 0.356722
48 33 0.315143
53 33 0.292963
130 33 0.0576811
167 33 -1.42858
168 33 -1.89569
169 33 -0.00658765
170 33 -1.26689
171 33 -2.16681
172 33 -0.00350142
215 33 -1.17024
216 33 -1.55096
217 33 -0.0532344
219 33 0.0389624
258 33 -0.0417836
19 34 0.390082
25 34 0.29955
33 34 0.468099
34 34 6.02637
35 34 0.329345
47 34 0.246186
53 34 0.268365
135 34 -0.0105179
167 34 0.0537509
168 34 -1.85431
169 34 -1.32177
173 34 -0.982766
174 34 -1.58319
175 34 -0.0488701
215 34 0.000862871
217 34 -1.07942
218 34 -1.19938
220 34 0.0329682
257 34 -0.0353553
17 35 0.4229
18 35 0.387907
24 35 0.608529
25 35 0.514909
33 35 0.356722
34 35 0.329345
35 35 7.88906
131 35 0.0611557
134 35 -0.0145133
167 35 -1.43411
168 35 -0.0388299
169 35 -1.31555
176 35 -1.69732
177 35 -1.55303
178 35 0.0357049
216 35 0.00412039
218 35 -0.0570128
219 35 -2.41267
220 35 -2.08733
15 36 1.99429
23 36 -0.655924
36 36 19.4453
49 36 1.56079
54 36 -0.393555
60 36 1.71363
61 36 2.21567
127 36 0.15895
179 36 -7.1264
180 36 -8.4913
181 36 -6.56894
182 36 -7.81337
183 36 -0.119615
221 36 -0.18443
222 36 0.184774
223 36 2.19008
224 36 1.97659
261 36 -0.190544
263 36 0.10399
12 37 0.886351
20 37 -0.00217014
37 37 10.0313
44 37 0.693683
50 37 -0.00130208
62 37 0.984742
63 37 0.761612
118 37 0.0872339
184 37 -3.14684
185 37 -3.80362
186 37 -3.4892
187 37 -2.89368
188 37 -0.053162
225 37 -0.209479
226 37 0.209479
227 37 0.111829
228 37 -0.102417
248 37 -0.110535
266 37 0.0462176
38 38 3.90133
44 38 0.456053
45 38 0.206389
50 38 0.127811
51 38 0.107075
64 38 0.138892
65 38 0.258446
189 38 -1.1036
190 38 -0.54622
191 38 -1.74226
192 38 -0.844
193 38 0.0677114
229 38 -0.533865
230 38 -0.411733
231 38 -0.0122593
232 38 -0.0441691
248 38 0.0502428
251 38 0.00246775
269 38 -0.078233
39 39 3.61582
40 39 0.280859
41 39 0.148823
46 39 0.234049
47 39 0.190403
52 39 0.137038
53 39 0.209803
194 39 -0.599182
195 39 -1.11259
196 39 -0.0100599
197 39 -0.762953
198 39 -0.949914
199 39 0.00135969
233 39 -0.841529
234 39 -0.546336
235 39 0.0428281
237 39 -0.0348779
254 39 -0.0369925
257 39 0.0334456
39 40 0.280859
40 40 4.27324
41 40 0.163026
45 40 0.327669
48 40 0.246186
51 40 0.174811
53 40 0.226785
194 40 -0.04127
195 40 -1.13741
196 40 -0.650474
200 40 -0.987391
201 40 -1.30009
202 40 0.0468452
233 40 0.00537676
235 40 -0.908815
236 40 -0.70332
238 40 -0.0412193
251 40 -0.0143374
258 40 0.0395266
39 41 0.148823
40 41 0.163026
41 41 2.62969
51 41 0.202843
52 41 0.171636
70 41 0.0968483
71 41 0.0902611
194 41 -0.596836
195 41 0.0367465
196 41 -0.653508
203 41 -0.359357
204 41 -0.390299
234 41 0.00932873
236 41 0.039397
237 41 -0.695776
238 41 -0.804224
252 41 -0.0176383
255 41 -0.0331707
272 41 -0.0377882
13 42 0.16797
21 42 0.0380743
42 42 1.61273
46 42 0.105135
52 42 0.05881
66 42 0.115968
67 42 0.0480223
121 42 -0.0104876
205 42 -0.186598
206 42 -0.491721
207 42 -0.423182
208 42 -0.662422
209 42 0.0425282
239 42 -0.242434
240 42 -0.145301
241 42 0.00128887
242 42 -0.018121
254 42 0.0247875
273 42 -0.0351316
14 43 0.386391
22 43 0.180924
43 43 5.27813
49 43 0.443036
54 43 0.232617
68 43 0.235679
69 43 0.261977
124 43 -0.00544944
210 43 -0.97466
211 43 -1.08161
212 43 -1.54566
213 43 -1.7314
214 43 0.0954792
243 43 -0.0622537
244 43 -0.0176005
245 43 -0.718234
246 43 -0.948432
261 43 0.0728037
276 43 -0.101729
12 44 -0.0015625
37 44 0.693683
38 44 0.456053
44 44 6.62622
45 44 0.17101
50 44 0.393099
55 44 0.484014
117 44 0.0801066
186 44 0.100612
187 44 -2.6535
188 44 -0.188531
191 44 -1.90373
192 44 -0.0555113
193 44 -0.662883
226 44 0.0349236
229 44 -0.080432
247 44 -1.90191
248 44 -1.59056
250 44 -0.00350708
38 45 0.206389
40 45 0.327669
44 45 0.17101
45 45 5.05724
48 45 0.263168
51 45 0.284314
55 45 0.426259
191 45 -0.00369132
192 45 -0.817833
193 45 -0.711708
200 45 0.00939383
201 45 -1.32491
202 45 -1.05468
230 45 -0.0661638
236 45 -0.0455475
247 45 0.0554112
250 45 -1.65902
251 45 -1.16306
259 45 0.0456076
13 46 0.0778177
39 46 0.234049
42 46 0.105135
46 46 2.98524
47 46 0.173421
52 46 0.177369
72 46 0.222599
122 46 -0.0164373
197 46 0.038811
198 46 -0.925086
199 46 -0.695667
207 46 -0.414984
208 46 -0.0274701
209 46 -0.300792
234 46 -0.00578238
239 46 -0.047982
253 46 -0.883059
254 46 -0.723997
256 46 0.0273646
19 47 0.221588
34 47 0.246186
39 47 0.190403
46 47 0.173421
47 47 4.38281
53 47 0.343273
72 47 0.280859
136 47 -0.00656595
173 47 -0.987883
174 47 0.0301881
175 47 -0.887403
197 47 -0.766398
198 47 -0.0319242
199 47 -0.691649
217 47 0.0463026
233 47 -0.00243806
253 47 -0.0407709
256 47 -1.14155
257 47 -1.35845
16 48 0.33974
33 48 0.315143
40 48 0.246186
45 48 0.263168
48 48 6.13594
53 48 0.405686
55 48 0.468099
129 48 0.05425
170 48 -1.26246
171 48 0.0422633
172 48 -1.36294
200 48 -0.983258
201 48 -0.0446939
202 48 -1.05801
215 48 0.00138139
235 48 -0.0494126
250 48 -0.0110798
258 48 -1.64155
259 48 -1.85845
14 49 0.310156
15 49 -0.472266
26 49 1.04854
36 49 1.56079
43 49 0.443036
49 49 11.3265
54 49 0.85278
123 49 -0.0183609
126 49 0.145518
181 49 -5.91135
182 49 0.16735
183 49 1.31018
212 49 -0.0843657
213 49 -1.81659
214 49 -1.2336
223 49 0.0785781
246 49 -0.116203
261 49 -3.50937
262 49 -4.08481
37 50 -0.00130208
38 50 0.127811
44 50 0.393099
50 50 4.96007
63 50 0.548154
64 50 0.305247
107 50 0.27101
184 50 0.109476
187 50 0.0930592
190 50 -0.0495291
191 50 0.00587465
226 50 -0.209479
228 50 -2.066
229 50 -0.493503
231 50 -1.30301
248 50 -1.52251
249 50 -1.10193
268 50 0.0231088
270 50 -0.0924036
38 51 0.107075
40 51 0.174811
41 51 0.202843
45 51 0.284314
51 51 3.14004
65 51 0.115528
70 51 0.157967
189 51 -0.00846173
192 51 0.0452734
196 51 0.0133892
201 51 0.042871
204 51 -0.0374048
230 51 -0.44897
232 51 -0.454617
236 51 -0.701031
238 51 -0.820776
251 51 -1.09509
252 51 -0.653715
271 51 -0.0640625
39 52 0.137038
41 52 0.171636
42 52 0.05881
46 52 0.177369
52 52 2.20908
66 52 0.0713865
71 52 0.116541
194 52 0.0353365
198 52 0.0306221
203 52 -0.0134042
206 52 -0.0219185
207 52 -0.00551821
234 52 -0.549313
237 52 -0.679224
239 52 -0.230197
241 52 -0.2782
254 52 -0.696988
255 52 -0.483341
274 52 -0.0493021
33 53 0.292963
34 53 0.268365
39 53 0.209803
40 53 0.226785
47 53 0.343273
48 53 0.405686
53 53 5.25938
168 53 0.0362257
170 53 0.0502763
173 53 -0.00259228
195 53 -0.038309
197 53 -0.0450918
200 53 -0.00675895
215 53 -1.17541
217 53 -1.07493
233 53 -0.837453
235 53 -0.912203
257 53 -1.39155
258 53 -1.60845
36 54 -0.393555
43 54 0.232617
49 54 0.85278
54 54 8.51135
60 54 1.23335
69 54 0.297886
108 54 0.589509
179 54 0.184688
181 54 0.166848
211 54 -0.0722355
213 54 0.00296983
221 54 -4.58687
223 54 0.934922
244 54 -1.23169
246 54 -0.926568
260 54 -2.46645
261 54 -3.25907
264 54 0.0519948
278 54 -0.127162
1 55 -0.0115988
12 55 0.20343
16 55 0.165645
44 55 0.484014
45 55 0.426259
48 55 0.468099
55 55 7.00837
79 55 0.0597251
82 55 0.146519
117 55 -1.7108
129 55 -1.4658
154 55 -0.117625
172 55 0.00535506
188 55 0.046912
193 55 -0.0683303
202 55 -0.0537335
247 55 -1.95419
250 55 -1.7349
259 55 -1.89155
6 56 -0.293626
20 56 0.294707
28 56 0.131527
56 56 17.4067
62 56 -0.00286458
78 56 1.30314
99 56 1.41133
111 56 -4.95429
119 56 -2.97582
138 56 -0.316489
149 56 -5.23998
227 56 -0.130181
267 56 0.230427
279 56 -3.81047
286 56 1.36142
295 56 -0.109795
296 56 -6.30529
9 57 0.0075561
21 57 -0.0047012
30 57 0.00332976
57 57 0.264062
67 57 0.0121547
92 57 -0.0225279
106 57 -0.0136683
116 57 -0.110566
120 57 -0.0796758
140 57 0.0279176
166 57 0.0955812
242 57 0.0126499
275 57 -0.0522654
280 57 -0.00540064
290 57 -0.0920931
305 57 0.00131773
306 57 -0.0596891
7 58 -0.0661369
22 58 -0.0437668
29 58 0.0353601
58 58 1.70676
68 58 0.0775391
83 58 0.174806
102 58 0.347273
114 58 -0.625348
125 58 -0.313902
139 58 -0.0146922
156 58 -0.747445
243 58 0.045788
277 58 -0.317966
281 58 0.00471216
288 58 0.0124509
307 58 -0.0170146
308 58 -0.242806
5 59 -0.0170442
23 59 0.747585
27 59 0.502894
59 59 30.3089
61 59 -0.86582
77 59 -0.0345641
96 59 0.535761
109 59 -8.55883
128 59 -5.72357
137 59 1.65637
147 59 -0.408732
222 59 -0.221726
265 59 4.12784
282 59 -7.20519
284 59 -7.0334
293 59 -0.203636
294 59 -14.2303
36 60 1.71363
54 60 1.23335
60 60 16.0424
61 60 -0.577214
108 60 -0.288607
179 60 -6.64331
180 60 0.180281
221 60 -5.26842
223 60 -0.0902969
260 60 -0.205148
263 60 1.60133
264 60 1.83617
291 60 -5.67146
292 60 -0.203027
311 60 -7.16682
312 60 0.202113
23 61 2.69595
36 61 2.21567
59 61 -0.86582
60 61 -0.577214
61 61 26.7373
128 61 0.171992
179 61 -0.213437
180 61 -9.23899
222 61 -10.6139
224 61 -0.150495
263 61 2.982
265 61 2.74716
293 61 -11.4462
294 61 0.201808
311 61 -0.203331
312 61 -9.95088
20 62 1.1982
37 62 0.984742
56 62 -0.00286458
62 62 13.793
63 62 -0.00190972
119 62 0.0941876
184 62 -0.124182
185 62 -4.0769
225 62 -0.0668866
227 62 -4.73503
266 62 0.230427
267 62 -0.230427
295 62 -5.1204
296 62 0.122871
313 62 -4.40101
314 62 -0.111974
37 63 0.761612
50 63 0.548154
62 63 -0.00190972
63 63 8.27578
107 63 -0.000954861
184 63 -2.97264
185 63 0.100186
226 63 -0.040132
228 63 -2.31451
249 63 -0.118183
266 63 -0.230427
268 63 0.230427
297 63 -2.49673
298 63 -0.114154
313 63 0.120692
314 63 -3.21612
38 64 0.138892
50 64 0.305247
64 64 2.17819
65 64 0.0604202
107 64 0.070788
189 64 0.011882
190 64 -0.573947
229 64 0.080627
231 64 -1.13464
249 64 0.0452046
269 64 -0.228464
270 64 -0.300468
299 64 -0.191273
300 64 -0.020697
315 64 -0.461214
316 64 -0.0381543
38 65 0.258446
51 65 0.115528
64 65 0.0604202
65 65 1.83356
70 65 0.0500523
189 65 -0.959057
190 65 0.0401376
230 65 0.0667494
232 65 -0.47805
252 65 0.00837747
269 65 -0.257238
271 65 -0.18836
301 65 -0.386799
302 65 -0.032892
315 65 -0.0169971
316 65 -0.16217
42 66 0.115968
52 66 0.0713865
66 66 0.923475
67 66 0.0225226
71 66 0.0328904
205 66 0.000398894
206 66 -0.445625
239 66 0.0442714
241 66 -0.289133
255 66 0.019659
273 66 -0.0885949
274 66 -0.132474
303 66 -0.208519
304 66 -0.00920701
317 66 -0.0706474
318 66 -0.0126019
21 67 0.0691667
42 67 0.0480223
57 67 0.0121547
66 67 0.0225226
67 67 0.578846
120 67 -0.00466816
205 67 -0.193235
206 67 0.0161544
240 67 0.0303938
242 67 -0.27004
273 67 -0.0923696
275 67 -0.0453657
305 67 -0.0415452
306 67 -0.008902
317 67 -0.00394464
318 67 -0.134104
22 68 0.19977
43 68 0.235679
58 68 0.0775391
68 68 2.30918
69 68 0.103385
125 68 0.0070714
210 68 -0.906668
211 68 0.0545979
243 68 -0.794095
245 68 0.0849115
276 68 -0.422133
277 68 -0.307034
307 68 -0.299397
308 68 -0.0405323
319 68 -0.333173
320 68 -0.0266057
43 69 0.261977
54 69 0.297886
68 69 0.103385
69 69 2.96895
108 69 0.129232
210 69 0.0158813
211 69 -1.03706
244 69 -1.14963
246 69 0.109172
260 69 0.0634078
276 69 -0.411201
278 69 -0.526299
309 69 -0.423541
310 69 -0.0361969
319 69 -0.0501235
320 69 -0.389764
41 70 0.0968483
51 70 0.157967
65 70 0.0500523
70 70 1.44728
71 70 0.0936198
203 70 0.0173412
204 70 -0.389052
232 70 0.0350705
238 70 0.0400909
252 70 -0.593665
271 70 -0.214009
272 70 -0.379138
301 70 -0.0132972
302 70 -0.133068
321 70 -0.206872
322 70 -0.0293056
41 71 0.0902611
52 71 0.116541
66 71 0.0328904
70 71 0.0936198
71 71 1.20848
203 71 -0.361292
204 71 0.0319054
237 71 0.033923
241 71 0.00546595
255 71 -0.448417
272 71 -0.370862
274 71 -0.131824
303 71 -0.0163017
304 71 -0.0997496
321 71 -0.0209826
322 71 -0.180185
3 72 -0.184789
13 72 -0.056844
19 72 0.102635
46 72 0.222599
47 72 0.280859
72 72 5.25563
88 72 0.792454
91 72 0.89688
122 72 -0.437645
136 72 -1.45463
164 72 -3.40323
175 72 0.042329
199 72 0.00188284
209 72 -0.0465968
253 72 -0.902153
256 72 -1.10845
0 73 0.321267
4 73 0.558108
15 73 0.173543
17 73 -0.101666
24 73 0.127747
26 73 0.40661
73 73 16.6056
74 73 -2.36952
76 73 -0.823727
94 73 0.497016
126 73 0.611138
131 73 -0.557987
132 73 -1.67572
143 73 -6.61
146 73 -7.0776
0 74 -3.67728
4 74 -3.39944
5 74 0.386708
10 74 1.06087
17 74 0.690801
24 74 0.299651
73 74 -2.36952
74 74 15.1139
75 74 -0.420491
93 74 -2.74944
94 74 -0.590475
95 74 -0.785677
131 74 -0.513146
143 74 -1.21437
144 74 -1.74349
0 75 0.0541631
4 75 0.0776205
5 75 0.615094
10 75 0.884648
15 75 0.677168
23 75 0.108136
74 75 -0.420491
75 75 23.7141
76 75 -2.81693
93 75 0.767226
95 75 -3.78226
96 75 -0.664325
127 75 0.936512
144 75 -9.67288
145 75 -10.3712
0 76 -3.96607
5 76 1.12893
15 76 -4.25289
17 76 0.3803
23 76 0.496195
26 76 0.72625
73 76 -0.823727
75 76 -2.81693
76 76 16.3158
96 76 -0.9587
126 76 -2.42096
127 76 -0.653389
132 76 -0.630356
145 76 -1.48001
146 76 -0.9416
5 77 0.273578
10 77 -0.0362395
23 77 1.07676
27 77 0.988383
31 77 1.36069
59 77 -0.0345641
77 77 32.8769
95 77 -0.0457437
96 77 -4.49389
97 77 1.11975
109 77 -0.230949
110 77 -5.82326
128 77 1.3569
147 77 -14.6168
148 77 -13.6437
6 78 -0.348643
10 78 1.05016
20 78 -0.115952
28 78 0.133499
31 78 -0.131174
56 78 1.30314
78 78 26.316
97 78 0.900919
98 78 -4.18985
99 78 0.454182
111 78 -5.36599
112 78 0.401933
119 78 0.701912
149 78 -10.0834
150 78 -10.9387
1 79 -0.108611
4 79 0.0926974
12 79 0.538359
16 79 -0.379675
24 79 0.417676
55 79 0.0597251
79 79 13.0736
80 79 -0.36834
82 79 -2.1955
94 79 0.386451
117 79 0.283043
129 79 -0.210225
130 79 -1.61494
151 79 -5.20249
154 79 -4.71167
1 80 -2.84813
4 80 -3.11111
6 80 0.989735
10 80 0.282735
16 80 0.220711
24 80 0.649057
79 80 -0.36834
80 80 13.8225
81 80 -2.65641
93 80 -0.197624
94 80 -2.2971
98 80 -0.623104
130 80 -0.399564
151 80 -1.43124
152 80 -1.95768
1 81 -0.373159
4 81 0.673548
6 81 -0.00244271
10 81 0.0159581
12 81 0.00136812
20 81 0.848508
80 81 -2.65641
81 81 18.7863
82 81 0.00750845
93 81 0.608188
98 81 -0.114103
99 81 -3.48513
118 81 0.461958
152 81 -7.6774
153 81 -7.02019
1 82 -2.56307
6 82 0.186487
12 82 -2.32066
16 82 0.599648
20 82 0.913635
55 82 0.146519
79 82 -2.1955
81 82 0.00750845
82 82 12.4292
99 82 -0.473581
117 82 -0.166113
118 82 -2.52836
129 82 -0.293268
153 82 -2.1067
154 82 -1.57519
7 83 0.205771
11 83 0.256599
22 83 -0.0795282
29 83 -0.0453592
32 83 -0.0451954
58 83 0.174806
83 83 4.29538
100 83 0.131457
101 83 -1.16068
102 83 0.227517
113 83 0.193278
114 83 -0.655523
125 83 0.194904
155 83 -1.67719
156 83 -2.00669
2 84 -2.84179
7 84 -0.0400838
14 84 -3.20179
18 84 1.42662
22 84 0.804768
26 84 -0.135622
84 84 11.9914
85 84 0.709912
87 84 -3.82732
102 84 -0.418533
123 84 1.44111
124 84 -3.21455
133 84 -0.728594
157 84 -0.496663
160 84 -1.44298
2 85 0.311712
7 85 -0.0546677
8 85 0.608335
11 85 -0.136549
14 85 -0.218211
22 85 0.471319
84 85 0.709912
85 85 9.83951
86 85 -2.66889
101 85 0.562043
102 85 -1.80812
103 85 0.295836
124 85 0.419018
157 85 -4.47102
158 85 -3.84287
2 86 -2.441
7 86 0.652678
8 86 -2.14517
11 86 -0.0553961
18 86 -0.16087
25 86 1.19413
85 86 -2.66889
86 86 9.8013
87 86 1.30365
101 86 -0.293753
103 86 0.642924
104 86 -3.20712
134 86 -0.528189
158 86 -0.595584
159 86 -1.48102
2 87 -0.148217
8 87 -0.315946
14 87 0.990511
18 87 0.340441
25 87 1.23281
26 87 -0.471708
84 87 -3.82732
86 87 1.30365
87 87 18.7054
104 87 0.533004
123 87 0.731375
133 87 1.64734
134 87 -5.26882
159 87 -7.21898
160 87 -8.20827
3 88 -1.27598
9 88 0.388499
13 88 -1.08931
19 88 -0.170696
21 88 -0.0572832
72 88 0.792454
88 88 6.05405
89 88 -1.68554
91 88 0.982604
106 88 -0.116287
121 88 0.451006
122 88 -2.0779
136 88 -0.23459
161 88 -0.594604
164 88 -1.35972
3 89 0.0244186
8 89 -0.155091
9 89 -0.15526
11 89 0.304945
13 89 0.385412
21 89 -0.0829902
88 89 -1.68554
89 89 5.53881
90 89 0.556142
103 89 0.197255
105 89 -1.10652
106 89 0.381124
121 89 0.120679
161 89 -1.93341
162 89 -2.38309
3 90 -1.56566
8 90 -1.80367
9 90 -0.0608018
11 90 0.514599
19 90 0.983644
25 90 -0.172037
89 90 0.556142
90 90 7.83489
91 90 -2.62671
103 90 -2.16135
104 90 1.15031
105 90 -0.193887
135 90 -0.364816
162 90 -0.627127
163 90 -1.45216
3 91 -0.375503
8 91 0.708594
13 91 -0.218293
19 91 -0.124474
25 91 -0.358397
72 91 0.89688
88 91 0.982604
90 91 -2.62671
91 91 11.9774
104 91 0.371287
122 91 0.242418
135 91 1.3532
136 91 -3.76989
163 91 -4.88279
164 91 -4.16583
9 92 0.0433429
11 92 -0.0527043
21 92 0.135697
30 92 -0.0663382
32 92 0.0993396
57 92 -0.0225279
92 92 2.04796
100 92 0.0817727
105 92 0.175264
106 92 -0.625279
115 92 -0.343613
116 92 0.111649
120 92 0.0443113
165 92 -0.927113
166 92 -0.698351
0 93 0.679084
1 93 0.0381288
4 93 -0.174065
5 93 0.0605869
6 93 0.870819
10 93 0.285872
74 93 -2.74944
75 93 0.767226
80 93 -0.197624
81 93 0.608188
93 93 21.2392
95 93 -0.37782
98 93 -3.64324
144 93 -8.99824
152 93 -8.31842
0 94 0.132802
1 94 0.553504
4 94 0.0899687
16 94 0.0934907
17 94 0.416391
24 94 -0.252361
73 94 0.497016
74 94 -0.590475
79 94 0.386451
80 94 -2.2971
94 94 14.8923
130 94 -0.380706
131 94 -1.66142
143 94 -6.14502
151 94 -5.66222
0 95 1.09543
4 95 0.333494
5 95 -5.31248
10 95 -4.91943
27 95 0.395838
31 95 1.61747
74 95 -0.785677
75 95 -3.78226
77 95 -0.0457437
93 95 -0.37782
95 95 20.8856
97 95 -4.34869
110 95 -1.13996
144 95 -1.41334
148 95 -2.09423
0 96 0.440819
5 96 -5.72755
15 96 1.16207
23 96 -6.14585
27 96 1.72373
59 96 0.535761
75 96 -0.664325
76 96 -0.9587
77 96 -4.49389
96 96 22.6175
109 96 -1.38152
127 96 -3.90948
128 96 -0.329331
145 96 -1.02933
147 96 -1.71288
5 97 1.0661
6 97 -0.0781918
10 97 -0.0560154
27 97 -0.0850641
28 97 1.33428
31 97 0.535397
77 97 1.11975
78 97 0.900919
95 97 -4.34869
97 97 29.5102
98 97 0.217309
110 97 0.101385
112 97 -5.5956
148 97 -12.7147
150 97 -11.7998
1 98 0.232662
4 98 1.02638
6 98 -4.15915
10 98 -4.52309
28 98 1.51388
31 98 0.266293
78 98 -4.18985
80 98 -0.623104
81 98 -0.114103
93 98 -3.64324
97 98 0.217309
98 98 19.1612
112 98 -0.91705
150 98 -2.42167
152 98 -1.7363
1 99 0.953544
6 99 -3.7829
12 99 0.140661
20 99 -3.45178
28 99 0.148588
56 99 1.41133
78 99 0.454182
81 99 -3.48513
82 99 -0.473581
99 99 17.4306
111 99 -0.714325
118 99 0.119971
119 99 -4.00931
149 99 -2.68355
153 99 -1.98503
7 100 -0.0667718
9 100 0.195111
11 100 0.108237
29 100 0.136416
30 100 -0.0341182
32 100 -0.0635744
83 100 0.131457
92 100 0.0817727
100 100 3.08502
101 100 0.208652
105 100 -0.883879
113 100 -0.494852
115 100 0.155654
155 100 -1.41439
165 100 -1.1387
2 101 -0.0469689
7 101 -1.20814
8 101 0.579901
11 101 -1.03854
29 101 0.269533
32 101 -0.00944065
83 101 -1.16068
85 101 0.562043
86 101 -0.293753
100 101 0.208652
101 101 4.59338
103 101 -1.44656
113 101 -0.131032
155 101 -0.189593
158 101 -0.677908
2 102 0.724808
7 102 -1.44346
14 102 -0.0263385
22 102 -1.65315
29 102 0.00127801
58 102 0.347273
83 102 0.227517
84 102 -0.418533
85 102 -1.80812
102 102 5.90273
114 102 -0.195696
124 102 0.633543
125 102 -1.45914
156 102 -0.134201
157 102 -0.682199
2 103 -0.187224
3 103 0.495004
7 103 0.386559
8 103 0.141297
9 103 -0.110094
11 103 -0.12191
85 103 0.295836
86 103 0.642924
89 103 0.197255
90 103 -2.16135
101 103 -1.44656
103 103 7.53665
105 103 0.477576
158 103 -3.33368
162 103 -2.8009
2 104 0.846342
3 104 -0.267079
8 104 -0.288459
18 104 -0.414923
19 104 1.06013
25 104 0.0705168
86 104 -3.20712
87 104 0.533004
90 104 1.15031
91 104 0.371287
104 104 15.1056
134 104 1.51045
135 104 -4.4893
159 104 -6.40432
163 104 -5.55962
3 105 0.448017
8 105 -0.0571307
9 105 -0.706464
11 105 -0.840182
30 105 -0.0142006
32 105 0.199319
89 105 -1.10652
90 105 -0.193887
92 105 0.175264
100 105 -0.883879
103 105 0.477576
105 105 3.42383
115 105 -0.0803643
162 105 -0.630594
165 105 -0.204014
3 106 -0.0578704
9 106 -0.540311
13 106 0.326871
21 106 -0.438252
30 106 0.135572
57 106 -0.0136683
88 106 -0.116287
89 106 0.381124
92 106 -0.625279
106 106 2.37073
116 106 -0.04213
120 106 0.128789
121 106 -0.782988
161 106 -0.542102
166 106 -0.180452
50 107 0.27101
63 107 -0.000954861
64 107 0.070788
107 107 2.81339
228 107 0.106185
231 107 0.0153866
249 107 -1.01811
268 107 -0.230427
270 107 -0.268568
297 107 0.118513
298 107 -1.31183
299 107 -0.0434167
300 107 -0.535629
323 107 -0.488304
54 108 0.589509
60 108 -0.288607
69 108 0.129232
108 108 4.88021
221 108 0.18857
244 108 0.0246912
260 108 -2.16249
264 108 0.455497
278 108 -0.515367
291 108 0.202417
292 108 -2.88739
309 108 -0.0597147
310 108 -0.480131
324 108 -1.15269
5 109 0.464484
23 109 1.77816
27 109 -7.98171
59 109 -8.55883
77 109 -0.230949
96 109 -1.38152
109 109 30.7259
128 109 -6.05451
137 109 -6.90568
147 109 -1.14932
282 109 0.34605
284 109 -2.06202
5 110 1.6704
10 110 0.329349
27 110 -7.41808
31 110 -6.88531
77 110 -5.82326
95 110 -1.13996
97 110 0.101385
110 110 28.4037
137 110 0.671009
141 110 -6.65839
148 110 -1.68162
283 110 -2.60245
6 111 1.46342
20 111 0.0936852
28 111 -5.39291
56 111 -4.95429
78 111 -5.36599
99 111 -0.714325
111 111 24.1163
119 111 0.666144
138 111 1.23516
149 111 -2.53395
279 111 -6.17792
286 111 -3.50229
6 112 0.205227
10 112 1.56589
28 112 -5.8755
31 112 -6.36207
78 112 0.401933
97 112 -5.5956
98 112 -0.91705
112 112 26.2043
138 112 -6.41745
141 112 0.968358
150 112 -2.14604
285 112 -3.08453
7 113 -0.00370155
11 113 0.232366
29 113 -0.432589
32 113 -0.36082
83 113 0.193278
100 113 -0.494852
101 113 -0.131032
113 113 1.58447
139 113 -0.341797
142 113 0.0276137
155 113 -0.280057
287 113 -0.0225692
7 114 0.306246
22 114 0.0102362
29 114 -0.534864
58 114 -0.625348
83 114 -0.655523
102 114 -0.195696
114 114 2.1641
125 114 0.223821
139 114 0.0225469
156 114 -0.302164
281 114 -0.455157
288 114 0.00721349
9 115 0.165491
11 115 -0.011323
30 115 -0.22082
32 115 -0.275957
92 115 -0.343613
100 115 0.155654
105 115 -0.0803643
115 115 1.07243
140 115 0.0249672
142 115 -0.237847
165 115 -0.238482
289 115 -0.0341505
9 116 -0.0133142
21 116 0.104478
30 116 -0.151152
57 116 -0.110566
92 116 0.111649
106 116 -0.04213
116 116 0.61802
120 116 -0.199958
140 116 -0.142014
166 116 -0.178759
280 116 0.0155512
290 116 -0.0294207
1 117 0.054739
12 117 -1.72674
16 117 0.407375
44 117 0.0801066
55 117 -1.7108
79 117 0.283043
82 117 -0.166113
117 117 11.8847
129 117 -1.52585
154 117 -4.26744
188 117 -3.3207
247 117 0.0785463
1 118 0.65785
6 118 -0.0245516
12 118 -2.31577
20 118 -2.30921
37 118 0.0872339
81 118 0.461958
82 118 -2.52836
99 118 0.119971
118 118 16.7811
153 118 -6.4195
186 118 0.099919
225 118 -4.51588
6 119 1.02674
20 119 -3.00767
28 119 -0.172081
56 119 -2.97582
62 119 0.0941876
78 119 0.701912
99 119 -4.00931
111 119 0.666144
119 119 22.8452
149 119 -9.29356
227 119 0.121986
267 119 -5.87703
9 120 -0.0374546
21 120 -0.0524139
30 120 0.0632462
57 120 -0.0796758
67 120 -0.00466816
92 120 0.0443113
106 120 0.128789
116 120 -0.199958
120 120 0.911357
166 120 -0.531393
242 120 -0.106936
275 120 -0.132075
3 121 -0.121868
9 121 0.225517
13 121 -0.175685
21 121 -0.221184
42 121 -0.0104876
88 121 0.451006
89 121 0.120679
106 121 -0.782988
121 121 2.7888
161 121 -1.59542
208 121 -0.243314
240 121 -0.426875
3 122 0.575729
13 122 -0.488482
19 122 -0.302381
46 122 -0.0164373
72 122 -0.437645
88 122 -2.0779
91 122 0.242418
122 122 6.27453
136 122 1.17832
164 122 -3.61036
209 122 -0.887821
253 122 -0.434726
2 123 -0.364909
14 123 -1.02248
18 123 1.41607
26 123 -0.722755
49 123 -0.0183609
84 123 1.44111
87 123 0.731375
123 123 17.4169
133 123 -6.11442
160 123 -9.17632
214 123 -1.87857
262 123 -1.61179
2 124 0.726833
7 124 -0.162345
14 124 -0.393391
22 124 -0.61492
43 124 -0.00544944
84 124 -3.21455
85 124 0.419018
102 124 0.633543
124 124 9.90237
157 124 -5.08266
212 124 -1.0512
245 124 -1.09688
7 125 0.320851
22 125 -0.160909
29 125 -0.0557027
58 125 -0.313902
68 125 0.0070714
83 125 0.194904
102 125 -1.45914
114 125 0.223821
125 125 4.67455
156 125 -2.32716
243 125 -0.593219
277 125 -0.480299
0 126 0.555124
15 126 -3.34292
17 126 0.160788
26 126 -3.28461
49 126 0.145518
73 126 0.611138
76 126 -2.42096
126 126 21.4536
132 126 -0.732524
146 126 -7.53645
183 126 -7.38131
262 126 1.92673
0 127 0.118437
5 127 0.892523
15 127 -4.44724
23 127 -4.468
36 127 0.15895
75 127 0.936512
76 127 -0.653389
96 127 -3.90948
127 127 30.0386
145 127 -11.0717
182 127 2.67273
224 127 -10.06
5 128 0.00884463
23 128 -5.75059
27 128 1.38424
59 128 -5.72357
61 128 0.171992
77 128 1.3569
96 128 -0.329331
109 128 -6.05451
128 128 40.4006
147 128 -15.6093
222 128 3.52447
265 128 -13.1122
1 129 0.184044
12 129 0.56977
16 129 -1.55637
48 129 0.05425
55 129 -1.4658
79 129 -0.210225
82 129 -0.293268
117 129 -1.52585
129 129 9.49625
154 129 -1.64796
172 129 -2.21296
259 129 -1.34645
1 130 0.624541
4 130 0.260407
16 130 -1.76357
24 130 -1.86107
33 130 0.0576811
79 130 -1.61494
80 130 -0.399564
94 130 -0.380706
130 130 10.7839
151 130 -1.58228
171 130 -1.56851
216 130 -2.50171
0 131 0.340077
4 131 0.670422
17 131 -2.14292
24 131 -2.04234
35 131 0.0611557
73 131 -0.557987
74 131 -0.513146
94 131 -1.66142
131 131 11.8354
143 131 -1.44999
176 131 -2.72814
219 131 -1.74907
0 132 0.709334
15 132 0.420151
17 132 -2.29617
18 132 0.0646736
26 132 -2.39595
73 132 -1.67572
76 132 -0.630356
126 132 -0.732524
132 132 12.6565
133 132 -2.89224
146 132 -1.27076
178 132 -1.88815
2 133 -0.153056
14 133 1.55479
17 133 -0.0185521
18 133 -3.22643
26 133 -3.48088
84 133 -0.728594
87 133 1.64734
123 133 -6.11442
132 133 -2.89224
133 133 16.4234
160 133 -1.31861
178 133 -1.64669
2 134 1.31043
8 134 -0.171094
18 134 -2.74706
25 134 -2.53606
35 134 -0.0145133
86 134 -0.528189
87 134 -5.26882
104 134 1.51045
134 134 13.5697
159 134 -1.49396
177 134 -2.30843
220 134 -1.28785
3 135 -0.175864
8 135 1.08929
19 135 -1.94822
25 135 -2.11977
34 135 -0.0105179
90 135 -0.364816
91 135 1.3532
104 135 -4.4893
135 135 11.0266
163 135 -1.5781
174 135 -0.970498
218 135 -1.78694
3 136 0.888883
13 136 -0.168856
19 136 -1.59075
47 136 -0.00656595
72 136 -1.45463
88 136 -0.23459
91 136 -3.76989
122 136 1.17832
136 136 8.77515
164 136 -1.57734
175 136 -1.32778
256 136 -0.694639
27 137 0.529412
31 137 -0.238505
59 137 1.65637
109 137 -6.90568
110 137 0.671009
137 137 44.725
141 137 1.56533
282 137 1.88412
283 137 -18.7415
284 137 -20.0337
28 138 -0.343554
31 138 1.59949
56 138 -0.316489
111 138 1.23516
112 138 -6.41745
138 138 36.3313
141 138 1.27428
279 138 1.01141
285 138 -15.2046
286 138 -14.1239
29 139 0.0972462
32 139 0.0720061
58 139 -0.0146922
113 139 -0.341797
114 139 0.0225469
139 139 1.02404
142 139 0.0299069
281 139 0.0477928
287 139 -0.390441
288 139 -0.485646
30 140 0.0229739
32 140 -0.00927434
57 140 0.0279176
115 140 0.0249672
116 140 -0.142014
140 140 0.377607
142 140 0.0162888
280 140 0.00643064
289 140 -0.17938
290 140 -0.11584
27 141 1.62856
28 141 -0.279763
31 141 0.0700822
110 141 -6.65839
112 141 0.968358
137 141 1.56533
138 141 1.27428
141 141 40.3491
283 141 -17.5118
285 141 -16.3254
29 142 -0.0124242
30 142 0.0494834
32 142 0.0527631
113 142 0.0276137
115 142 -0.237847
139 142 0.0299069
140 142 0.0162888
142 142 0.673325
287 142 -0.316086
289 142 -0.237788
0 143 -0.707925
4 143 -2.33294
17 143 -1.6732
24 143 -0.466058
73 143 -6.61
74 143 -1.21437
94 143 -6.14502
131 143 -1.44999
143 143 20.757
0 144 -2.78811
4 144 -0.303623
5 144 -0.52106
10 144 -3.71085
74 144 -1.74349
75 144 -9.67288
93 144 -8.99824
95 144 -1.41334
144 144 29.3484
0 145 -0.53527
5 145 -3.84574
15 145 -2.84271
23 145 -0.81458
75 145 -10.3712
76 145 -1.48001
96 145 -1.02933
127 145 -11.0717
145 145 32.2204
0 146 -2.39732
15 146 -0.940957
17 146 -0.646745
26 146 -1.67083
73 146 -7.0776
76 146 -0.9416
126 146 -7.53645
132 146 -1.27076
146 146 22.6637
5 147 -0.183729
23 147 -4.56372
27 147 -5.93668
59 147 -0.408732
77 147 -14.6168
96 147 -1.71288
109 147 -1.14932
128 147 -15.6093
147 147 44.4589
5 148 -4.42513
10 148 0.0923022
27 148 -0.0633125
31 148 -5.70617
77 148 -13.6437
95 148 -2.09423
97 148 -12.7147
110 148 -1.68162
148 148 40.4717
6 149 -4.11082
20 149 0.570436
28 149 0.532395
56 149 -5.23998
78 149 -10.0834
99 149 -2.68355
111 149 -2.53395
119 149 -9.29356
149 149 33.0006
6 150 0.345717
10 150 -4.27624
28 150 -5.47628
31 150 0.25178
78 150 -10.9387
97 150 -11.7998
98 150 -2.42167
112 150 -2.14604
150 150 36.6564
1 151 -2.24309
4 151 -0.4829
16 151 -0.286318
24 151 -1.64794
79 151 -5.20249
80 151 -1.43124
94 151 -5.66222
130 151 -1.58228
151 151 18.6712
1 152 -0.0849256
4 152 -2.71202
6 152 -3.56023
10 152 -0.247999
80 152 -1.95768
81 152 -7.6774
93 152 -8.31842
98 152 -1.7363
152 152 26.4596
1 153 -2.60704
6 153 -0.00175583
12 153 0.112608
20 153 -3.38463
81 153 -7.02019
82 153 -2.1067
99 153 -1.98503
118 153 -6.4195
153 153 23.5461
1 154 -0.274126
12 154 -2.11739
16 154 -1.58684
55 154 -0.117625
79 154 -4.71167
82 154 -1.57519
117 154 -4.26744
129 154 -1.64796
154 154 16.4061
7 155 0.20885
11 155 -1.0085
29 155 -0.581573
32 155 0.18304
83 155 -1.67719
100 155 -1.41439
101 155 -0.189593
113 155 -0.280057
155 155 4.77489
7 156 -1.29597
22 156 0.220041
29 156 0.217093
58 156 -0.747445
83 156 -2.00669
102 156 -0.134201
114 156 -0.302164
125 156 -2.32716
156 156 6.4
2 157 -2.91802
7 157 0.61424
14 157 0.716907
22 157 -2.0128
84 157 -0.496663
85 157 -4.47102
102 157 -0.682199
124 157 -5.08266
157 157 14.3744
2 158 0.660193
7 158 -1.6393
8 158 -2.39164
11 158 0.536458
85 158 -3.84287
86 158 -0.595584
101 158 -0.677908
103 158 -3.33368
158 158 11.3129
2 159 -3.53448
8 159 1.25174
18 159 1.55553
25 159 -4.84491
86 159 -1.48102
87 159 -7.21898
104 159 -6.40432
134 159 -1.49396
159 159 22.2123
2 160 1.39693
14 160 -4.17651
18 160 -5.65703
26 160 1.6812
84 160 -1.44298
87 160 -8.20827
123 160 -9.17632
133 160 -1.31861
160 160 26.9628
3 161 0.485562
9 161 -0.959028
13 161 -1.43604
21 161 0.344908
88 161 -0.594604
89 161 -1.93341
106 161 -0.542102
121 161 -1.59542
161 161 6.24058
3 162 -1.9002
8 162 0.582504
9 162 0.446429
11 162 -1.28945
89 162 -2.38309
90 162 -0.627127
103 162 -2.8009
105 162 -0.630594
162 162 8.62055
3 163 1.09178
8 163 -2.93556
19 163 -4.09591
25 163 1.40778
90 163 -1.45216
91 163 -4.88279
104 163 -5.55962
135 163 -1.5781
163 163 18.0317
3 164 -2.37304
13 164 0.918149
19 164 1.24097
72 164 -3.40323
88 164 -1.35972
91 164 -4.16583
122 164 -3.61036
136 164 -1.57734
164 164 14.3466
9 165 -0.740945
11 165 0.182245
30 165 0.142323
32 165 -0.425973
92 165 -0.927113
100 165 -1.1387
105 165 -0.204014
115 165 -0.238482
165 165 3.36002
9 166 0.141754
21 166 -0.489384
30 166 -0.278991
57 166 0.0955812
92 166 -0.698351
106 166 -0.180452
116 166 -0.178759
120 166 -0.531393
166 166 2.12491
24 167 -0.0614205
33 167 -1.42858
34 167 0.0537509
35 167 -1.43411
167 167 10.0454
168 167 -1.35693
169 167 -2.14433
216 167 -2.13332
219 167 -1.49571
33 168 -1.89569
34 168 -1.85431
35 168 -0.0388299
53 168 0.0362257
167 168 -1.35693
168 168 8.77083
169 168 -1.18208
215 168 -1.29918
217 168 -1.14098
25 169 0.00852809
33 169 -0.00658765
34 169 -1.32177
35 169 -1.31555
167 169 -2.14433
168 169 -1.18208
169 169 9.25043
218 169 -1.80511
220 169 -1.44237
16 170 -0.0575987
33 170 -1.26689
48 170 -1.26246
53 170 0.0502763
170 170 8.87596
171 170 -1.34433
172 170 -1.86113
215 170 -1.9179
258 170 -1.17636
16 171 -2.20819
24 171 -0.0453015
33 171 -2.16681
48 171 0.0422633
130 171 -1.56851
170 171 -1.34433
171 171 10.2326
172 171 -1.50252
216 171 -1.39367
16 172 -1.35771
33 172 -0.00350142
48 172 -1.36294
55 172 0.00535506
129 172 -2.21296
170 172 -1.86113
171 172 -1.50252
172 172 9.54279
259 172 -1.20491
19 173 0.00522717
34 173 -0.982766
47 173 -0.987883
53 173 -0.00259228
173 173 6.91154
174 173 -1.09583
175 173 -1.32938
217 173 -1.62284
257 173 -0.86473
19 174 -1.54181
25 174 -0.0323582
34 174 -1.58319
47 174 0.0301881
135 174 -0.970498
173 174 -1.09583
174 174 7.30903
175 174 -0.937636
218 174 -1.14534
19 175 -0.891948
34 175 -0.0488701
47 175 -0.887403
72 175 0.042329
136 175 -1.32778
173 175 -1.32938
174 175 -0.937636
175 175 6.24471
256 175 -0.836179
17 176 -1.69
18 176 0.0117856
24 176 -0.0106264
35 176 -1.69732
131 176 -2.72814
176 176 11.8817
177 176 -2.34317
178 176 -1.8304
219 176 -1.54093
17 177 -0.0651988
18 177 -1.55966
25 177 0.0572688
35 177 -1.55303
134 177 -2.30843
176 177 -2.34317
177 177 10.9225
178 177 -1.6056
220 177 -1.496
17 178 -2.65397
18 178 -2.59603
26 178 -0.0393507
35 178 0.0357049
132 178 -1.88815
133 178 -1.64669
176 178 -1.8304
177 178 -1.6056
178 178 12.2792
36 179 -7.1264
54 179 0.184688
60 179 -6.64331
61 179 -0.213437
179 179 23.8419
180 179 2.34965
221 179 1.56823
223 179 -6.50441
263 179 -7.24152
23 180 -0.184344
36 180 -8.4913
60 180 0.180281
61 180 -9.23899
179 180 2.34965
180 180 30.6706
222 180 2.61372
224 180 -8.58136
263 180 -9.04146
15 181 -0.165443
36 181 -6.56894
49 181 -5.91135
54 181 0.166848
181 181 21.5851
182 181 1.87952
183 181 -6.03197
223 181 -6.36273
261 181 1.60364
15 182 -8.20635
23 182 -0.198442
36 182 -7.81337
49 182 0.16735
127 182 2.67273
181 182 1.87952
182 182 27.7357
183 182 -7.56005
224 182 -8.4265
15 183 2.43982
26 183 0.105552
36 183 -0.119615
49 183 1.31018
126 183 -7.38131
181 183 -6.03197
182 183 -7.56005
183 183 23.3625
262 183 -5.91417
37 184 -3.14684
50 184 0.109476
62 184 -0.124182
63 184 -2.97264
184 184 12.2955
185 184 0.0813241
226 184 -2.93869
228 184 -0.0391181
266 184 -3.16907
20 185 -0.100064
37 185 -3.80362
62 185 -4.0769
63 185 0.100186
184 185 0.0813241
185 185 15.8212
225 185 -3.7661
227 185 -0.0651968
266 185 -4.06781
12 186 -3.63029
20 186 -0.11636
37 186 -3.4892
44 186 0.100612
118 186 0.099919
186 186 14.3038
187 186 -0.0535463
188 186 -3.40323
225 186 -3.70036
12 187 -0.0905057
37 187 -2.89368
44 187 -2.6535
50 187 0.0930592
186 187 -0.0535463
187 187 11.1351
188 187 -2.63766
226 187 -2.87263
248 187 0.0599514
12 188 0.188531
37 188 -0.053162
44 188 -0.188531
55 188 0.046912
117 188 -3.3207
186 188 -3.40323
187 188 -2.63766
188 188 12.05
247 188 -2.5884
38 189 -1.1036
51 189 -0.00846173
64 189 0.011882
65 189 -0.959057
189 189 3.79344
190 189 -0.487025
230 189 -0.683242
232 189 -0.205849
269 189 -0.333965
38 190 -0.54622
50 190 -0.0495291
64 190 -0.573947
65 190 0.0401376
189 190 -0.487025
190 190 4.12795
229 190 -1.36949
231 190 -0.244826
269 190 -0.870684
38 191 -1.74226
44 191 -1.90373
45 191 -0.00369132
50 191 0.00587465
191 191 6.70611
192 191 -0.449997
193 191 -1.08915
229 191 -0.714774
248 191 -0.765707
38 192 -0.844
44 192 -0.0555113
45 192 -0.817833
51 192 0.0452734
191 192 -0.449997
192 192 6.12083
193 192 -1.87197
230 192 -1.44815
251 192 -0.63958
38 193 0.0677114
44 193 -0.662883
45 193 -0.711708
55 193 -0.0683303
191 193 -1.08915
192 193 -1.87197
193 193 7.58735
247 193 -2.25194
250 193 -0.95077
39 194 -0.599182
40 194 -0.04127
41 194 -0.596836
52 194 0.0353365
194 194 4.19818
195 194 -0.67637
196 194 -0.84734
234 194 -0.937247
237 194 -0.516542
39 195 -1.11259
40 195 -1.13741
41 195 0.0367465
53 195 -0.038309
194 195 -0.67637
195 195 5.2625
196 195 -0.767957
233 195 -0.717469
235 195 -0.825705
39 196 -0.0100599
40 196 -0.650474
41 196 -0.653508
51 196 0.0133892
194 196 -0.84734
195 196 -0.767957
196 196 4.57265
236 196 -1.10766
238 196 -0.528715
39 197 -0.762953
46 197 0.038811
47 197 -0.766398
53 197 -0.0450918
197 197 5.36762
198 197 -0.697107
199 197 -1.16367
233 197 -1.11952
257 197 -0.827749
39 198 -0.949914
46 198 -0.925086
47 198 -0.0319242
52 198 0.0306221
197 198 -0.697107
198 198 4.38542
199 198 -0.588871
234 198 -0.647596
254 198 -0.556009
39 199 0.00135969
46 199 -0.695667
47 199 -0.691649
72 199 0.00188284
197 199 -1.16367
198 199 -0.588871
199 199 4.86502
253 199 -0.915974
256 199 -0.790787
40 200 -0.987391
45 200 0.00939383
48 200 -0.983258
53 200 -0.00675895
200 200 6.91154
201 200 -0.846067
202 200 -1.62914
235 200 -1.32307
258 200 -1.11449
40 201 -1.30009
45 201 -1.32491
48 201 -0.0446939
51 201 0.042871
200 201 -0.846067
201 201 6.13958
202 201 -0.954303
236 201 -0.79673
251 201 -0.888317
40 202 0.0468452
45 202 -1.05468
48 202 -1.05801
55 202 -0.0537335
200 202 -1.62914
201 202 -0.954303
202 202 7.41415
250 202 -1.52662
259 202 -1.15146
41 203 -0.359357
52 203 -0.0134042
70 203 0.0173412
71 203 -0.361292
203 203 2.52613
204 203 -0.648493
237 203 -0.462913
255 203 -0.433933
272 203 -0.252856
41 204 -0.390299
51 204 -0.0374048
70 204 -0.389052
71 204 0.0319054
203 204 -0.648493
204 204 2.73637
238 204 -0.483497
252 204 -0.51283
272 204 -0.294484
21 205 0.00664889
42 205 -0.186598
66 205 0.000398894
67 205 -0.193235
205 205 1.3908
206 205 -0.191787
240 205 -0.475127
242 205 -0.0669864
273 205 -0.275326
42 206 -0.491721
52 206 -0.0219185
66 206 -0.445625
67 206 0.0161544
205 206 -0.191787
206 206 1.72531
239 206 -0.311373
241 206 -0.105963
273 206 -0.162046
13 207 0.0118498
42 207 -0.423182
46 207 -0.414984
52 207 -0.00551821
207 207 3.07709
208 207 -0.192023
209 207 -0.96952
239 207 -0.694736
254 207 -0.369441
13 208 -0.691591
21 208 0.0213806
42 208 -0.662422
46 208 -0.0274701
121 208 -0.243314
207 208 -0.192023
208 208 2.49181
209 208 -0.402338
240 208 -0.278111
13 209 -0.324617
42 209 0.0425282
46 209 -0.300792
72 209 -0.0465968
122 209 -0.887821
207 209 -0.96952
208 209 -0.402338
209 209 3.45015
253 209 -0.538991
22 210 -0.00761872
43 210 -0.97466
68 210 -0.906668
69 210 0.0158813
210 210 4.96778
211 210 -0.790958
243 210 -0.385255
245 210 -1.19104
276 210 -0.661638
43 211 -1.08161
54 211 -0.0722355
68 211 0.0545979
69 211 -1.03706
210 211 -0.790958
211 211 5.60722
244 211 -0.495328
246 211 -1.32075
276 211 -0.789071
14 212 -1.57301
22 212 0.0643844
43 212 -1.54566
49 212 -0.0843657
124 212 -1.0512
212 212 8.25097
213 212 -0.850708
214 212 -1.77223
245 212 -1.32822
14 213 0.00138649
43 213 -1.7314
49 213 -1.81659
54 213 0.00296983
212 213 -0.850708
213 213 9.37403
214 213 -2.0604
246 213 -1.44332
261 213 -1.35155
14 214 -1.2664
26 214 -0.104854
43 214 0.0954792
49 214 -1.2336
123 214 -1.87857
212 214 -1.77223
213 214 -2.0604
214 214 10.575
262 214 -2.21381
33 215 -1.17024
34 215 0.000862871
48 215 0.00138139
53 215 -1.17541
168 215 -1.29918
170 215 -1.9179
215 215 8.22717
217 215 -1.59526
258 215 -1.03482
16 216 -0.00265738
24 216 -1.54469
33 216 -1.55096
35 216 0.00412039
130 216 -2.50171
167 216 -2.13332
171 216 -1.39367
216 216 10.8584
219 216 -1.68721
33 217 -0.0532344
34 217 -1.07942
47 217 0.0463026
53 217 -1.07493
168 217 -1.14098
173 217 -1.62284
215 217 -1.59526
217 217 7.56033
257 217 -1.00627
19 218 0.0498206
25 218 -1.20497
34 218 -1.19938
35 218 -0.0570128
135 218 -1.78694
169 218 -1.80511
174 218 -1.14534
218 218 8.43741
220 218 -1.25087
17 219 -0.0423478
24 219 -2.46233
33 219 0.0389624
35 219 -2.41267
131 219 -1.74907
167 219 -1.49571
176 219 -1.54093
216 219 -1.68721
219 219 11.4021
18 220 -0.0358328
25 220 -2.03767
34 220 0.0329682
35 220 -2.08733
134 220 -1.28785
169 220 -1.44237
177 220 -1.496
218 220 -1.25087
220 220 9.64792
36 221 -0.18443
54 221 -4.58687
60 221 -5.26842
108 221 0.18857
179 221 1.56823
221 221 17.0424
223 221 -4.80992
260 221 1.17482
264 221 -4.97071
23 222 -11.0308
36 222 0.184774
59 222 -0.221726
61 222 -10.6139
128 222 3.52447
180 222 2.61372
222 222 37.4701
224 222 -10.2759
265 222 -11.3123
36 223 2.19008
49 223 0.0785781
54 223 0.934922
60 223 -0.0902969
179 223 -6.50441
181 223 -6.36273
221 223 -4.80992
223 223 19.4688
261 223 -4.72919
15 224 0.130964
23 224 3.23174
36 224 1.97659
61 224 -0.150495
127 224 -10.06
180 224 -8.58136
182 224 -8.4265
222 224 -10.2759
224 224 32.4479
12 225 0.058206
20 225 0.209479
37 225 -0.209479
62 225 -0.0668866
118 225 -4.51588
185 225 -3.7661
186 225 -3.70036
225 225 16.7361
227 225 -4.61488
37 226 0.209479
44 226 0.0349236
50 226 -0.209479
63 226 -0.040132
184 226 -2.93869
187 226 -2.87263
226 226 10.0417
228 226 -2.0899
248 226 -2.05711
20 227 -4.88446
37 227 0.111829
56 227 -0.130181
62 227 -4.73503
119 227 0.121986
185 227 -0.0651968
225 227 -4.61488
227 227 19.3247
267 227 -4.97829
37 228 -0.102417
50 228 -2.066
63 228 -2.31451
107 228 0.106185
184 228 -0.0391181
226 228 -2.0899
228 228 8.79201
249 228 0.040662
268 228 -2.25859
38 229 -0.533865
44 229 -0.080432
50 229 -0.493503
64 229 0.080627
190 229 -1.36949
191 229 -0.714774
229 229 5.67112
231 229 -0.807569
248 229 -1.71601
38 230 -0.411733
45 230 -0.0661638
51 230 -0.44897
65 230 0.0667494
189 230 -0.683242
192 230 -1.44815
230 230 4.75132
232 230 -1.13891
251 230 -0.590663
38 231 -0.0122593
50 231 -1.30301
64 231 -1.13464
107 231 0.0153866
190 231 -0.244826
229 231 -0.807569
231 231 4.48328
249 231 -0.571877
270 231 -0.395966
38 232 -0.0441691
51 232 -0.454617
65 232 -0.47805
70 232 0.0350705
189 232 -0.205849
230 232 -1.13891
232 232 3.4381
252 232 -0.402174
271 232 -0.727433
39 233 -0.841529
40 233 0.00537676
47 233 -0.00243806
53 233 -0.837453
195 233 -0.717469
197 233 -1.11952
233 233 5.88828
235 233 -1.39641
257 233 -0.95264
39 234 -0.546336
41 234 0.00932873
46 234 -0.00578238
52 234 -0.549313
194 234 -0.937247
198 234 -0.647596
234 234 3.84175
237 234 -0.44161
254 234 -0.706117
39 235 0.0428281
40 235 -0.908815
48 235 -0.0494126
53 235 -0.912203
195 235 -0.825705
200 235 -1.32307
233 235 -1.39641
235 235 6.39089
258 235 -0.989603
40 236 -0.70332
41 236 0.039397
45 236 -0.0455475
51 236 -0.701031
196 236 -1.10766
201 236 -0.79673
236 236 4.92908
238 236 -0.603647
251 236 -0.988564
39 237 -0.0348779
41 237 -0.695776
52 237 -0.679224
71 237 0.033923
194 237 -0.516542
203 237 -0.462913
234 237 -0.44161
237 237 3.21597
255 237 -0.40463
40 238 -0.0412193
41 238 -0.804224
51 238 -0.820776
70 238 0.0400909
196 238 -0.528715
204 238 -0.483497
236 238 -0.603647
238 238 3.80069
252 238 -0.54178
42 239 -0.242434
46 239 -0.047982
52 239 -0.230197
66 239 0.0442714
206 239 -0.311373
207 239 -0.694736
239 239 2.60701
241 239 -0.705704
254 239 -0.402222
13 240 -0.0337138
21 240 -0.160663
42 240 -0.145301
67 240 0.0303938
121 240 -0.426875
205 240 -0.475127
208 240 -0.278111
240 240 1.68722
242 240 -0.187046
42 241 0.00128887
52 241 -0.2782
66 241 -0.289133
71 241 0.00546595
206 241 -0.105963
239 241 -0.705704
241 241 2.08065
255 241 -0.276639
274 241 -0.418578
21 242 -0.292307
42 242 -0.018121
57 242 0.0126499
67 242 -0.27004
120 242 -0.106936
205 242 -0.0669864
240 242 -0.187046
242 242 1.03547
275 242 -0.100044
22 243 -0.824577
43 243 -0.0622537
58 243 0.045788
68 243 -0.794095
125 243 -0.593219
210 243 -0.385255
243 243 4.28534
245 243 -1.00677
277 243 -0.607732
43 244 -0.0176005
54 244 -1.23169
69 244 -1.14963
108 244 0.0246912
211 244 -0.495328
244 244 6.28966
246 244 -1.50502
260 244 -0.988698
278 244 -0.842976
14 245 -0.0903802
22 245 -0.740099
43 245 -0.718234
68 245 0.0849115
124 245 -1.09688
210 245 -1.19104
212 245 -1.32822
243 245 -1.00677
245 245 6.16875
43 246 -0.948432
49 246 -0.116203
54 246 -0.926568
69 246 0.109172
211 246 -1.32075
213 246 -1.44332
244 246 -1.50502
246 246 7.93125
261 246 -1.67466
12 247 -0.102713
44 247 -1.90191
45 247 0.0554112
55 247 -1.95419
117 247 0.0785463
188 247 -2.5884
193 247 -2.25194
247 247 9.63977
250 247 -0.904503
37 248 -0.110535
38 248 0.0502428
44 248 -1.59056
50 248 -1.52251
187 248 0.0599514
191 248 -0.765707
226 248 -2.05711
229 248 -1.71601
248 248 7.709
50 249 -1.10193
63 249 -0.118183
64 249 0.0452046
107 249 -1.01811
228 249 0.040662
231 249 -0.571877
249 249 5.13691
268 249 -1.35985
270 249 -1.01394
44 250 -0.00350708
45 250 -1.65902
48 250 -0.0110798
55 250 -1.7349
193 250 -0.95077
202 250 -1.52662
247 250 -0.904503
250 250 8.11114
259 250 -1.27635
38 251 0.00246775
40 251 -0.0143374
45 251 -1.16306
51 251 -1.09509
192 251 -0.63958
201 251 -0.888317
230 251 -0.590663
236 251 -0.988564
251 251 5.40675
41 252 -0.0176383
51 252 -0.653715
65 252 0.00837747
70 252 -0.593665
204 252 -0.51283
232 252 -0.402174
238 252 -0.54178
252 252 3.00184
271 252 -0.271963
13 253 0.029981
46 253 -0.883059
47 253 -0.0407709
72 253 -0.902153
122 253 -0.434726
199 253 -0.915974
209 253 -0.538991
253 253 4.37518
256 253 -0.665896
39 254 -0.0369925
42 254 0.0247875
46 254 -0.723997
52 254 -0.696988
198 254 -0.556009
207 254 -0.369441
234 254 -0.706117
239 254 -0.402222
254 254 3.48582
41 255 -0.0331707
52 255 -0.483341
66 255 0.019659
71 255 -0.448417
203 255 -0.433933
237 255 -0.40463
241 255 -0.276639
255 255 2.29698
274 255 -0.224047
19 256 -0.0289271
46 256 0.0273646
47 256 -1.14155
72 256 -1.10845
136 256 -0.694639
175 256 -0.836179
199 256 -0.790787
253 256 -0.665896
256 256 5.2625
34 257 -0.0353553
39 257 0.0334456
47 257 -1.35845
53 257 -1.39155
173 257 -0.86473
197 257 -0.827749
217 257 -1.00627
233 257 -0.95264
257 257 6.43194
33 258 -0.0417836
40 258 0.0395266
48 258 -1.64155
53 258 -1.60845
170 258 -1.17636
200 258 -1.11449
215 258 -1.03482
235 258 -0.989603
258 258 7.60139
16 259 -0.0482118
45 259 0.0456076
48 259 -1.85845
55 259 -1.89155
129 259 -1.34645
172 259 -1.20491
202 259 -1.15146
250 259 -1.27635
259 259 8.77083
54 260 -2.46645
60 260 -0.205148
69 260 0.0634078
108 260 -2.16249
221 260 1.17482
244 260 -0.988698
260 260 8.8234
264 260 -3.17078
278 260 -0.970409
36 261 -0.190544
43 261 0.0728037
49 261 -3.50937
54 261 -3.25907
181 261 1.60364
213 261 -1.35155
223 261 -4.72919
246 261 -1.67466
261 261 13.1813
14 262 0.0825901
15 262 -0.175549
26 262 -4.28147
49 262 -4.08481
123 262 -1.61179
126 262 1.92673
183 262 -5.91417
214 262 -2.21381
262 262 16.4496
36 263 0.10399
60 263 1.60133
61 263 2.982
179 263 -7.24152
180 263 -9.04146
263 263 28.5542
311 263 -7.35932
312 263 -9.2202
54 264 0.0519948
60 264 1.83617
108 264 0.455497
221 264 -4.97071
260 264 -3.17078
264 264 14.2771
291 264 -5.07532
292 264 -3.21444
23 265 0.155984
59 265 4.12784
61 265 2.74716
128 265 -13.1122
222 265 -11.3123
265 265 42.8313
293 265 -11.5042
294 265 -13.3651
37 266 0.0462176
62 266 0.230427
63 266 -0.230427
184 266 -3.16907
185 266 -4.06781
266 266 14.7278
313 266 -4.15034
314 266 -3.21834
20 267 0.0693264
56 267 0.230427
62 267 -0.230427
119 267 -5.87703
227 267 -4.97829
267 267 22.0917
295 267 -5.06051
296 267 -5.99251
50 268 0.0231088
63 268 0.230427
107 268 -0.230427
228 268 -2.25859
249 268 -1.35985
268 268 7.36389
297 268 -2.30817
298 268 -1.37617
38 269 -0.078233
64 269 -0.228464
65 269 -0.257238
189 269 -0.333965
190 269 -0.870684
269 269 2.68179
315 269 -0.380956
316 269 -0.594892
50 270 -0.0924036
64 270 -0.300468
107 270 -0.268568
231 270 -0.395966
249 270 -1.01394
270 270 3.14169
299 270 -0.700859
300 270 -0.443174
51 271 -0.0640625
65 271 -0.18836
70 271 -0.214009
232 271 -0.727433
252 271 -0.271963
271 271 2.2219
301 271 -0.318739
302 271 -0.488925
41 272 -0.0377882
70 272 -0.379138
71 272 -0.370862
203 272 -0.252856
204 272 -0.294484
272 272 1.75417
321 272 -0.236736
322 272 -0.211757
42 273 -0.0351316
66 273 -0.0885949
67 273 -0.0923696
205 273 -0.275326
206 273 -0.162046
273 273 0.997375
317 273 -0.252848
318 273 -0.116783
52 274 -0.0493021
66 274 -0.132474
71 274 -0.131824
241 274 -0.418578
255 274 -0.224047
274 274 1.45727
303 274 -0.179001
304 274 -0.358815
21 275 -0.020961
57 275 -0.0522654
67 275 -0.0453657
120 275 -0.132075
242 275 -0.100044
275 275 0.537479
305 275 -0.14688
306 275 -0.0545657
43 276 -0.101729
68 276 -0.422133
69 276 -0.411201
210 276 -0.661638
211 276 -0.789071
276 276 3.525
319 276 -0.555295
320 276 -0.635664
22 277 -0.0762969
58 277 -0.317966
68 277 -0.307034
125 277 -0.480299
243 277 -0.607732
277 277 2.64375
307 277 -0.486794
308 277 -0.406425
54 278 -0.127162
69 278 -0.526299
108 278 -0.515367
244 278 -0.842976
260 278 -0.970409
278 278 4.40625
309 278 -0.704165
310 278 -0.784533
28 279 1.56787
56 279 -3.81047
111 279 -6.17792
138 279 1.01141
279 279 30.4063
286 279 -13.1126
296 279 0.144748
30 280 -0.00535226
57 280 -0.00540064
116 280 0.0155512
140 280 0.00643064
280 280 0.106226
290 280 -0.0712858
306 280 -0.0255923
29 281 0.0956903
58 281 0.00471216
114 281 -0.455157
139 281 0.0477928
281 281 1.18404
288 281 -0.578035
308 281 -0.237839
27 282 -0.193289
59 282 -7.20519
109 282 0.34605
137 282 1.88412
282 282 52.8668
284 282 -21.3712
294 282 4.48193
27 283 -6.78263
31 283 0.825495
110 283 -2.60245
137 283 -18.7415
141 283 -17.5118
283 283 55.0053
27 284 0.512949
59 284 -7.0334
109 284 -2.06202
137 284 -20.0337
282 284 -21.3712
284 284 60.2409
28 285 1.10938
31 285 -6.54021
112 285 -3.08453
138 285 -15.2046
141 285 -16.3254
285 285 50.1717
28 286 -6.30234
56 286 1.36142
111 286 -3.50229
138 286 -14.1239
279 286 -13.1126
286 286 45.7321
29 287 0.0216915
32 287 -0.284283
113 287 -0.0225692
139 287 -0.390441
142 287 -0.316086
287 287 1.09786
29 288 -0.392836
58 288 0.0124509
114 288 0.00721349
139 288 -0.485646
281 288 -0.578035
288 288 1.57472
30 289 -0.18449
32 289 0.02272
115 289 -0.0341505
140 289 -0.17938
142 289 -0.237788
289 289 0.687989
30 290 0.016491
57 290 -0.0920931
116 290 -0.0294207
140 290 -0.11584
280 290 -0.0712858
290 290 0.336012
60 291 -5.67146
108 291 0.202417
264 291 -5.07532
291 291 18.6503
292 291 1.15122
311 291 1.92083
60 292 -0.203027
108 292 -2.88739
264 292 -3.21444
291 292 1.15122
292 292 11.2018
324 292 0.640276
59 293 -0.203636
61 293 -11.4462
265 293 -11.5042
293 293 41.0539
294 293 3.45366
312 293 3.20138
59 294 -14.2303
61 294 0.201808
265 294 -13.3651
282 294 4.48193
293 294 3.45366
294 294 48.5024
56 295 -0.109795
62 295 -5.1204
267 295 -5.06051
295 295 21.1767
296 295 -0.0761528
313 295 0.103391
56 296 -6.30529
62 296 0.122871
267 296 -5.99251
279 296 0.144748
295 296 -0.0761528
296 296 25.0149
63 297 -2.49673
107 297 0.118513
268 297 -2.30817
297 297 9.61771
298 297 -0.0253843
314 297 0.0620347
63 298 -0.114154
107 298 -1.31183
268 298 -1.37617
297 298 -0.0253843
298 298 5.77951
323 298 0.0206782
64 299 -0.191273
107 299 -0.0434167
270 299 -0.700859
299 299 1.52187
300 299 0.0153801
315 299 -0.279436
64 300 -0.020697
107 300 -0.535629
270 300 -0.443174
299 300 0.0153801
300 300 1.64726
323 300 -0.323012
65 301 -0.386799
70 301 -0.0132972
271 301 -0.318739
301 301 1.18736
302 301 0.0107812
316 301 -0.235861
65 302 -0.032892
70 302 -0.133068
271 302 -0.488925
301 302 0.0107812
302 302 1.06198
321 302 -0.192285
66 303 -0.208519
71 303 -0.0163017
274 303 -0.179001
303 303 0.652224
304 303 0.00761472
317 303 -0.112743
66 304 -0.00920701
71 304 -0.0997496
274 304 -0.358815
303 304 0.00761472
304 304 0.777607
322 304 -0.156319
57 305 0.00131773
67 305 -0.0415452
275 305 -0.14688
305 305 0.317711
306 305 0.00301575
318 305 -0.0691679
57 306 -0.0596891
67 306 -0.008902
275 306 -0.0545657
280 306 -0.0255923
305 306 0.00301575
306 306 0.192328
58 307 -0.0170146
68 307 -0.299397
277 307 -0.486794
307 307 1.44278
308 307 -0.0224062
319 307 -0.332974
58 308 -0.242806
68 308 -0.0405323
277 308 -0.406425
281 308 -0.237839
307 308 -0.0224062
308 308 1.20097
69 309 -0.423541
108 309 -0.0597147
278 309 -0.704165
309 309 2.08222
310 309 -0.0373436
320 309 -0.428109
69 310 -0.0361969
108 310 -0.480131
278 310 -0.784533
309 310 -0.0373436
310 310 2.32403
324 310 -0.523245
60 311 -7.16682
61 311 -0.203331
263 311 -7.35932
291 311 1.92083
311 311 26.1278
312 311 2.30244
60 312 0.202113
61 312 -9.95088
263 312 -9.2202
293 312 3.20138
311 312 2.30244
312 312 33.5763
62 313 -4.40101
63 313 0.120692
266 313 -4.15034
295 313 0.103391
313 313 17.3163
314 313 -0.0507685
62 314 -0.111974
63 314 -3.21612
266 314 -3.21834
297 314 0.0620347
313 314 -0.0507685
314 314 13.4781
64 315 -0.461214
65 315 -0.0169971
269 315 -0.380956
299 315 -0.279436
315 315 1.41731
316 315 0.0130806
64 316 -0.0381543
65 316 -0.16217
269 316 -0.594892
301 316 -0.235861
315 316 0.0130806
316 316 1.29192
66 317 -0.0706474
67 317 -0.00394464
273 317 -0.252848
303 317 -0.112743
317 317 0.547659
318 317 0.00531524
66 318 -0.0126019
67 318 -0.134104
273 318 -0.116783
305 318 -0.0691679
317 318 0.00531524
318 318 0.422276
68 319 -0.333173
69 319 -0.0501235
276 319 -0.555295
307 319 -0.332974
319 319 1.64159
320 319 -0.0298749
68 320 -0.0266057
69 320 -0.389764
276 320 -0.635664
309 320 -0.428109
319 320 -0.0298749
320 320 1.88341
70 321 -0.206872
71 321 -0.0209826
272 321 -0.236736
302 321 -0.192285
321 321 0.896409
322 321 -0.0994236
70 322 -0.0293056
71 322 -0.180185
272 322 -0.211757
304 322 -0.156319
321 322 -0.0994236
322 322 0.808655
107 323 -0.488304
298 323 0.0206782
300 323 -0.323012
323 323 1.9235
108 324 -1.15269
292 324 0.640276
310 324 -0.523245
324 324 3.37592
325 325 1
326 326 1
327 327 1
328 328 1
329 329 1
330 330 1
331 331 1
332 332 1
333 333 1
334 334 1
335 335 1
336 336 1
337 337 1
338 338 1
339 339 1
340 340 1
341 341 1
342 342 1
343 343 1
344 344 1
345 345 1
346 346 1
347 347 1
348 348 1
349 349 1
350 350 1
351 351 1
352 352 1
353 353 1
354 354 1
355 355 1
356 356 1
357 357 1
358 358 1
359 359 1
360 360 1
361 361 1
362 362 1
363 363 1
364 364 1
365 365 1
366 366 1
367 367 1
368 368 1
369 369 1
370 370 1
371 371 1
372 372 1
373 373 1
374 374 1
375 375 1
376 376 1
377 377 1
378 378 1
379 379 1
380 380 1
-0.468017
-0.303971
-0.0227365
0.00249527
-0.373909
-0.723553
-0.49365
0.000330892
-0.00380053
0.00309675
-0.596981
0.00376275
-0.140669
0.0027739
0.0166747
-0.36982
-0.0885478
-0.134673
-0.0335955
-0.00112479
-0.223371
0.000644977
0.015843
-0.525053
-0.106898
-0.0111673
-0.121436
-0.905517
-0.677453
0.00240673
0.000459198
-0.790294
0.00143849
0.00455118
0.00408
0.00512466
0.00932511
0.007266
0.000676379
0.00210886
0.00238407
0.00105762
0.00159972
0.0260391
0.0310856
0.0100483
0.00120591
0.00289766
0.00366439
0.0463057
0.0418606
0.00351006
0.000506004
0.00337597
0.0593211
-0.0289666
-0.301031
-0.000219231
0.00416819
-0.562147
-0.0189716
-0.0515008
-0.000562707
0.00131757
-0.00405266
-0.00281769
9.59235e-05
-0.000201143
0.00552754
0.00686718
-0.00185239
-7.79331e-05
0.0014419
-0.700538
-0.83886
-1.1922
-1.06338
-1.64252
-1.17433
-0.44959
-0.676129
-0.79529
-0.549494
0.00411763
-0.0836019
-0.0195202
-0.024891
-0.0952293
0.0056176
0.0062671
-0.000454753
-0.00349227
0.00351856
-0.969444
-0.554014
-1.3176
-1.60653
-1.39425
-1.08896
-0.895654
0.00564449
0.00468606
-0.0106281
0.00151286
-0.0309201
0.00706301
0.00445956
0.0611095
0.113521
-1.93302
-1.69539
-1.24193
-1.46773
0.00387901
0.00478682
0.00185711
0.00032841
-0.541189
-1.03619
-1.68539
0.00224315
0.00946916
0.00863824
-0.62214
-0.194359
-0.0219632
-1.44384
-2.5219
-3.52313
-0.256515
-0.304735
-0.37315
-0.477552
-0.301503
-0.14753
-0.0568506
-0.0115555
-1.79677
-1.47732
0.000582894
-0.000307542
-1.66183
-0.0002488
-1.24915
-2.1555
-2.6748
-1.60496
-3.57642
-3.0331
-2.14195
-2.56666
-1.00058
-1.76121
-1.4403
-0.813423
0.0103354
-0.00161895
-0.0867207
-0.0158179
-0.12151
-0.306141
0.0109025
0.00879003
-0.0317287
0.00172865
0.00928761
0.00452341
-0.187803
-0.126757
-0.142925
-0.156852
-0.223091
-0.207633
-0.0525094
-0.0632166
-0.0319333
-0.2923
-0.237732
-0.32804
-2.91704
-3.81002
-2.09041
-2.8881
-2.10768
-1.17652
-1.6209
-1.141
-0.805663
-0.795159
-0.0620602
-0.0949663
-0.257106
-0.175629
-0.27155
-0.017203
-0.0362675
-0.031484
-0.0216039
-0.00634837
-0.00749225
-0.095217
-0.0856501
-0.133203
-0.00237994
-0.00755106
0.00790769
0.00819006
0.0128353
0.0158842
0.0145826
-0.213596
-0.385734
-0.531388
-0.874247
-0.917497
-0.114067
-0.241054
-0.0800059
-0.106866
-0.26396
-0.16438
-1.92405
-4.57981
-2.05163
-3.74015
-1.56009
-0.785691
-2.05137
-0.708252
-0.214094
-0.0974144
-0.131017
-0.0392347
-0.0401879
-0.00588534
-0.0649577
-0.0504473
-0.00521499
-0.0247141
0.00948306
0.0117438
0.00639396
0.0059644
-0.102488
-0.600872
-0.261993
-0.78393
-0.477982
-0.454337
-0.262442
-0.231318
-0.0953944
-0.0172141
0.00394956
0.00352436
0.00175995
-0.0107765
-0.0453757
-0.104321
-0.193456
-0.971277
-1.36458
-1.45427
-3.90228
-1.68199
-5.31918
-1.65581
-2.60647
-0.569129
0.00441415
0.00044013
0.00616361
0.00386103
0.00353134
0.00497798
0.00136125
-0.110269
-0.0152241
-0.296988
-2.40039
-0.000330258
0.00718182
-3.72002
-3.46424
-3.67311
-3.14344
-2.73748
0.000233672
0.00285197
-0.000614807
-0.000416224
-2.67652
-1.243
-5.57815
-5.74495
-2.75314
-3.20268
-1.00199
-0.337976
0.146914
0.193307
0.0585587
0.0380977
0.00266134
0.00812647
-0.00135604
-0.000800421
0.0358683
0.0179247
0.118631
0.179003
-3.92671
-4.93045
-2.22706
-1.63007
0.113208
0.0810648
-7.37819e-05
-0.00124476
0.0528096
0.0887853
0.0221164
0.0125971
0.201807
0.0697895
0
0
0
0
0
0
0
0
0
0
0
0
0
0
0
0
0
0
0
0
0
0
0
0
0
0
0
0
0
0
0
0
0
0
0
0
0
0
0
0
0
0
0
0
0
0
0
0
0
0
0
0
0
0
0
0
