3028
220 220
0 0 3.37507
0 10 -0.0690538
0 11 -0.0534837
0 12 -0.0724251
0 13 -0.188356
0 14 0.0414584
0 28 0.00866221
0 29 -0.0128763
0 32 0.432114
0 33 -1.2174
0 34 -0.760331
0 35 0.301804
0 40 0.499238
0 41 -0.820637
0 42 -1.37924
0 43 0.8125
0 48 0.0960651
0 49 -0.132567
0 102 -0.0484933
0 103 -0.0484933
0 134 0.0922488
0 135 -0.0476104
0 136 0.00433059
0 137 -0.0261171
0 144 -0.134575
0 145 0.0437237
0 146 -0.0895434
0 147 0.0323984
0 148 -0.110993
0 149 -0.110993
0 154 -0.0369978
0 155 -0.0369978
0 160 0.00200893
0 188 0.485105
0 189 -0.367468
0 190 0.167952
0 191 -0.25865
0 208 -0.786325
0 209 0.289605
0 210 -0.0984186
0 211 0.261708
0 212 0.00200893
0 216 0.000669643
1 1 4.78924
1 10 -0.0567337
1 15 -0.130841
1 16 0.0370152
1 17 -0.130738
1 28 -0.0483086
1 30 -1.20117
1 31 0.401479
1 52 0.54375
1 53 -0.97433
1 54 -0.325845
1 55 0.127073
1 60 0.553125
1 61 -0.964788
1 112 -0.0554967
1 113 -0.0554967
1 118 -0.0463728
1 119 -0.0463728
1 132 -0.484484
1 133 0.175222
1 134 -0.468678
1 135 0.17286
1 156 -0.0463728
1 157 -0.0463728
1 166 0.00100446
1 170 0.000669643
1 184 -4.35841
1 185 1.62825
1 186 -0.613595
1 187 1.64084
1 217 0.000669643
2 2 3.00569
2 11 -0.0453947
2 15 -0.130841
2 18 -0.130738
2 19 -0.130534
2 20 -0.0472204
2 29 -0.00233955
2 36 0.270374
2 37 -0.615458
2 50 -0.97433
2 51 0.54375
2 64 0.553125
2 65 -0.964788
2 68 0.58125
2 69 -0.936328
2 72 0.357765
2 73 -0.642076
2 116 -0.0463728
2 117 -0.0463728
2 124 -0.0554967
2 125 -0.0554967
2 130 -0.0739955
2 131 -0.0739955
2 140 -0.0394411
2 141 0.00626826
2 146 -0.0302442
2 147 0.00382491
2 158 -0.0463728
2 159 -0.0463728
2 169 0.000669643
2 174 0.00100446
2 178 0.00133929
2 196 -0.255809
2 197 0.0378072
2 198 0.00199344
2 199 0.0532646
2 218 0.000669643
3 3 1
4 4 1
5 5 1
6 6 1
7 7 1
8 8 1
9 9 1
10 0 -0.0690538
10 1 -0.0567337
10 10 4.22647
10 11 -0.130841
10 14 -0.0392451
10 15 -0.0870908
10 16 0.0128521
10 28 0.181022
10 30 0.433331
10 31 -1.20518
10 32 -1.17588
10 33 0.413354
10 34 -0.0463728
10 35 -0.0463728
10 48 0.135361
10 49 -0.364385
10 52 -0.0369978
10 53 -0.0369978
10 54 0.123929
10 55 -0.0633302
10 132 -0.041083
10 133 0.0347643
10 134 0.340955
10 135 -0.24833
10 136 0.140983
10 137 -0.392865
10 154 -0.97433
10 155 0.54375
10 156 -0.627455
10 157 0.384375
10 158 -0.0463728
10 159 -0.0463728
10 184 -0.50553
10 185 0.740017
10 186 -0.369872
10 187 0.225464
10 188 1.24767
10 189 -3.35143
10 190 1.26775
10 191 -0.473309
10 216 0.000669643
10 217 0.000669643
10 219 0.000669643
11 0 -0.0534837
11 2 -0.0453947
11 10 -0.130841
11 11 2.74014
11 12 -0.00413034
11 15 -0.0870908
11 20 -0.0145061
11 29 0.0979002
11 32 -0.0463728
11 33 -0.0463728
11 34 0.294738
11 35 -0.690582
11 36 -0.683672
11 37 0.279259
11 40 0.00880354
11 41 -0.0404559
11 50 -0.0369978
11 51 -0.0369978
11 72 0.0386643
11 73 -0.105559
11 140 0.0475419
11 141 -0.140697
11 144 0.0135971
11 145 -0.059126
11 146 0.134352
11 147 -0.0817648
11 154 0.54375
11 155 -0.97433
11 156 -0.0463728
11 157 -0.0463728
11 158 -0.627455
11 159 0.384375
11 196 0.299974
11 197 -0.114312
11 198 0.321682
11 199 -0.863372
11 208 0.0997124
11 209 -0.0190105
11 210 0.0926207
11 211 -0.377936
11 216 0.000669643
11 218 0.000669643
11 219 0.000669643
12 0 -0.0724251
12 11 -0.00413034
12 12 3.6176
12 13 0.0741443
12 29 -0.0325887
12 34 -0.0721782
12 35 0.0162851
12 38 0.481618
12 39 -0.764898
12 40 -0.840341
12 41 0.402787
12 42 -0.0391183
12 43 -0.0391183
12 142 0.0476977
12 143 -0.124956
12 144 -1.05142
12 145 0.277891
12 146 0.00457338
12 147 -0.0223361
12 148 0.677009
12 149 -0.16875
12 150 -1.98237
12 151 1.05313
12 152 -0.0391183
12 153 -0.0391183
12 204 0.420051
12 205 -0.150561
12 206 0.383872
12 207 -1.09587
12 208 0.105822
12 209 -0.336222
12 210 0.0549218
12 211 -0.0131298
12 212 0.00200893
12 213 0.00200893
12 215 0.00200893
13 0 -0.188356
13 12 0.0741443
13 13 3.70878
13 14 -0.071689
13 40 -0.0391183
13 41 -0.0391183
13 42 0.73125
13 43 -1.46049
13 44 -1.37924
13 45 0.8125
13 48 -0.0391183
13 49 -0.0391183
13 102 -0.510491
13 103 0.33125
13 104 -0.857366
13 105 0.490625
13 106 -0.0391183
13 107 -0.0391183
13 148 -0.16875
13 149 0.677009
13 150 -0.0391183
13 151 -0.0391183
13 152 -1.98237
13 153 1.05312
13 160 0.00200893
13 161 0.00200893
13 163 0.00200893
13 212 0.00200893
13 214 0.00200893
13 215 0.00200893
14 0 0.0414584
14 10 -0.0392451
14 13 -0.071689
14 14 3.49465
14 28 -0.0474036
14 32 0.129715
14 33 -0.356899
14 42 -0.0391183
14 43 -0.0391183
14 46 0.11795
14 47 -0.147578
14 48 -0.174041
14 49 0.137684
14 102 0.33125
14 103 -0.510491
14 104 -0.0391183
14 105 -0.0391183
14 106 -0.857366
14 107 0.490625
14 134 0.105836
14 135 -0.263659
14 136 -1.48877
14 137 0.401316
14 138 -0.0244858
14 139 0.0432669
14 160 0.00200893
14 162 0.00200893
14 163 0.00200893
14 188 0.874996
14 189 -0.333512
14 190 0.817903
14 191 -2.19302
14 192 -0.0979919
14 193 0.129419
14 194 -0.177771
14 195 0.0860143
15 1 -0.130841
15 2 -0.130841
15 10 -0.0870908
15 11 -0.0870908
15 15 2.98348
15 17 -0.0870908
15 18 -0.0870908
15 30 -0.0463728
15 31 -0.0463728
15 36 -0.0463728
15 37 -0.0463728
15 50 0.54375
15 51 -0.97433
15 52 -0.97433
15 53 0.54375
15 60 -0.0463728
15 61 -0.0463728
15 64 -0.0463728
15 65 -0.0463728
15 114 -0.0369978
15 115 -0.0369978
15 116 0.384375
15 117 -0.627455
15 118 0.384375
15 119 -0.627455
15 154 -0.0369978
15 155 -0.0369978
15 156 0.384375
15 157 -0.627455
15 158 0.384375
15 159 -0.627455
15 169 0.000669643
15 170 0.000669643
15 171 0.000669643
15 217 0.000669643
15 218 0.000669643
15 219 0.000669643
16 1 0.0370152
16 10 0.0128521
16 16 3.77871
16 17 -0.0577195
16 28 -0.0256761
16 30 0.0638488
16 31 -0.0485605
16 54 0.164495
16 55 -0.302619
16 56 -0.229091
16 57 0.131382
16 60 -0.0304967
16 61 -0.0304967
16 108 0.70625
16 109 -1.31775
16 110 -0.0492467
16 111 -0.0492467
16 112 -0.392746
16 113 0.28125
16 132 -1.2919
16 133 0.310366
16 134 -0.0503736
16 135 0.077051
16 138 0.105391
16 139 -0.285427
16 164 0.00100446
16 166 0.00100446
16 167 0.00100446
16 180 0.987469
16 181 -2.62052
16 182 0.973126
16 183 -0.367581
16 184 -0.415302
16 185 0.204461
16 186 -0.348291
16 187 0.593359
17 1 -0.130738
17 15 -0.0870908
17 16 -0.0577195
17 17 3.05644
17 18 -0.130841
17 52 -0.0369978
17 53 -0.0369978
17 54 -0.0492467
17 55 -0.0492467
17 58 0.553125
17 59 -0.964788
17 60 -0.980413
17 61 0.5375
17 62 -0.0463728
17 63 -0.0463728
17 108 -0.0304967
17 109 -0.0304967
17 110 0.3875
17 111 -0.623996
17 112 0.28125
17 113 -0.392746
17 114 0.54375
17 115 -0.97433
17 116 -0.0463728
17 117 -0.0463728
17 118 -0.627455
17 119 0.384375
17 165 0.00100446
17 166 0.00100446
17 167 0.00100446
17 168 0.000669643
17 170 0.000669643
17 171 0.000669643
18 2 -0.130738
18 15 -0.0870908
18 17 -0.130841
18 18 3.05644
18 19 -0.0577195
18 50 -0.0369978
18 51 -0.0369978
18 58 -0.0463728
18 59 -0.0463728
18 62 0.553125
18 63 -0.964788
18 64 -0.980413
18 65 0.5375
18 68 -0.0492467
18 69 -0.0492467
18 114 -0.97433
18 115 0.54375
18 116 -0.627455
18 117 0.384375
18 118 -0.0463728
18 119 -0.0463728
18 120 0.3875
18 121 -0.623996
18 122 -0.0304967
18 123 -0.0304967
18 124 -0.392746
18 125 0.28125
18 168 0.000669643
18 169 0.000669643
18 171 0.000669643
18 172 0.00100446
18 174 0.00100446
18 175 0.00100446
19 2 -0.130534
19 18 -0.0577195
19 19 3.27318
19 20 0.000818452
19 64 -0.0304967
19 65 -0.0304967
19 66 0.58125
19 67 -0.936328
19 68 -0.998828
19 69 0.51875
19 72 -0.0364955
19 73 -0.0364955
19 120 -0.0492467
19 121 -0.0492467
19 122 0.70625
19 123 -1.31775
19 124 0.28125
19 125 -0.392746
19 126 0.7125
19 127 -1.31116
19 128 -0.0364955
19 129 -0.0364955
19 130 0.0763393
19 131 0.075
19 173 0.00100446
19 174 0.00100446
19 175 0.00100446
19 176 0.00133929
19 178 0.00133929
19 179 0.00133929
20 2 -0.0472204
20 11 -0.0145061
20 19 0.000818452
20 20 3.06958
20 29 -0.0162281
20 36 0.0512843
20 37 -0.150194
20 68 -0.0364955
20 69 -0.0364955
20 70 0.344528
20 71 -0.597635
20 72 -0.633956
20 73 0.29629
20 126 -0.0364955
20 127 -0.0364955
20 128 0.7125
20 129 -1.31116
20 130 0.075
20 131 0.0763393
20 140 -0.790725
20 141 0.196857
20 142 -0.00862947
20 143 -0.00294591
20 146 0.0476236
20 147 -0.133578
20 177 0.00133929
20 178 0.00133929
20 179 0.00133929
20 196 0.449686
20 197 -1.22375
20 198 0.438623
20 199 -0.161333
20 200 -0.0574391
20 201 0.0449557
20 202 -0.0388556
20 203 -0.0583501
21 21 1
22 22 1
23 23 1
24 24 1
25 25 1
26 26 1
27 27 1
28 0 0.00866221
28 1 -0.0483086
28 10 0.181022
28 14 -0.0474036
28 16 -0.0256761
28 28 4.10636
28 30 0.152699
28 31 -0.409192
28 32 0.0246373
28 33 -0.0309772
28 46 0.0883742
28 47 -0.238728
28 48 0.0563995
28 49 -0.0379949
28 54 0.129475
28 55 -0.31949
28 56 0.0610418
28 57 -0.0332043
28 132 0.371496
28 133 -1.37897
28 134 -0.134412
28 135 0.318251
28 136 0.355729
28 137 -1.38457
28 138 -0.212366
28 139 0.373179
28 180 0.119111
28 181 -0.255997
28 182 0.294699
28 183 -0.169549
28 184 -0.391914
28 185 1.00707
28 186 -2.50377
28 187 0.952581
28 188 0.149774
28 189 -0.27974
28 190 0.357088
28 191 -0.249135
28 192 -0.306853
28 193 0.811171
28 194 -2.20499
28 195 0.831301
29 0 -0.0128763
29 2 -0.00233955
29 11 0.0979002
29 12 -0.0325887
29 20 -0.0162281
29 29 2.73729
29 34 0.0460093
29 35 -0.138914
29 36 -0.0537105
29 37 0.00932503
29 38 -0.00293326
29 39 -0.0141804
29 40 -0.115056
29 41 0.0406464
29 70 0.0556278
29 71 -0.144828
29 72 -0.0115394
29 73 -0.000582799
29 140 0.234645
29 141 -0.90355
29 142 -0.113688
29 143 0.237482
29 144 0.244449
29 145 -0.933464
29 146 -0.130391
29 147 0.233826
29 196 0.00714733
29 197 0.00748912
29 198 -0.219296
29 199 0.0559169
29 200 -0.170661
29 201 0.462039
29 202 -1.19596
29 203 0.431626
29 204 0.0207193
29 205 0.00499471
29 206 -0.191532
29 207 0.0127405
29 208 -0.138261
29 209 0.379598
29 210 -1.08485
29 211 0.395314
30 1 -1.20117
30 10 0.433331
30 15 -0.0463728
30 16 0.0638488
30 28 0.152699
30 30 8.70356
30 31 -3.43665
30 52 0.166239
30 53 -0.838728
30 54 0.989885
30 55 -0.486242
30 132 0.168136
30 133 -0.583571
30 134 1.3597
30 135 -0.519532
30 156 0.250614
30 157 0.252121
30 184 -1.31827
30 185 -4.50396
30 186 1.82479
30 187 0.101524
30 217 -1.51574
31 1 0.401479
31 10 -1.20518
31 15 -0.0463728
31 16 -0.0485605
31 28 -0.409192
31 30 -3.43665
31 31 8.19705
31 52 0.167746
31 53 0.166239
31 54 -0.549779
31 55 0.253233
31 132 0.113312
31 133 0.181539
31 134 -3.52082
31 135 1.33357
31 156 -1.2606
31 157 0.250614
31 184 2.23257
31 185 -0.9522
31 186 0.0216153
31 187 -0.862146
31 217 -1.00949
32 0 0.432114
32 10 -1.17588
32 11 -0.0463728
32 14 0.129715
32 28 0.0246373
32 32 7.62709
32 33 -3.17445
32 34 0.250614
32 35 0.252121
32 48 -0.426095
32 49 1.11369
32 134 0.640378
32 135 -0.33011
32 136 -0.50259
32 137 0.202344
32 154 -0.838728
32 155 0.166239
32 188 -3.73991
32 189 -0.491412
32 190 -0.0838286
32 191 1.50532
32 216 -1.51574
33 0 -1.2174
33 10 0.413354
33 11 -0.0463728
33 14 -0.356899
33 28 -0.0309772
33 32 -3.17445
33 33 7.39717
33 34 -1.2606
33 35 0.250614
33 48 1.11726
33 49 -2.94408
33 134 -0.394799
33 135 0.184368
33 136 0.214735
33 137 0.0475198
33 154 0.166239
33 155 0.167746
33 188 -0.270008
33 189 1.49898
33 190 -0.594475
33 191 -0.137529
33 216 -1.00949
34 0 -0.760331
34 10 -0.0463728
34 11 0.294738
34 12 -0.0721782
34 29 0.0460093
34 32 0.250614
34 33 -1.2606
34 34 5.22338
34 35 -2.10464
34 40 0.126673
34 41 -0.45493
34 144 0.127257
34 145 -0.179427
34 146 0.286841
34 147 -0.107949
34 154 0.167746
34 155 0.166239
34 208 -0.160589
34 209 -0.0239405
34 210 0.333013
34 211 -0.810222
34 216 -1.00949
35 0 0.301804
35 10 -0.0463728
35 11 -0.690582
35 12 0.0162851
35 29 -0.138914
35 32 0.252121
35 33 0.250614
35 34 -2.10464
35 35 5.22306
35 40 -0.0259511
35 41 0.113127
35 144 -0.0789458
35 145 0.11556
35 146 -0.844132
35 147 0.313149
35 154 0.166239
35 155 -0.838728
35 208 -0.247497
35 209 0.0622891
35 210 0.00839937
35 211 -0.26107
35 216 -1.51574
36 2 0.270374
36 11 -0.683672
36 15 -0.0463728
36 20 0.0512843
36 29 -0.0537105
36 36 5.24274
36 37 -2.04137
36 50 0.166239
36 51 0.167746
36 72 -0.128261
36 73 0.336638
36 140 -0.185545
36 141 0.0960554
36 146 -0.341852
36 147 0.0774511
36 158 -1.2606
36 159 0.250614
36 196 -0.872289
36 197 0.366563
36 198 0.0651697
36 199 -0.438809
36 218 -1.00949
37 2 -0.615458
37 11 0.279259
37 15 -0.0463728
37 20 -0.150194
37 29 0.00932503
37 36 -2.04137
37 37 5.269
37 50 -0.838728
37 51 0.166239
37 72 0.35971
37 73 -0.958006
37 140 0.0843025
37 141 -0.0459177
37 146 0.0682817
37 147 -0.00627539
37 158 0.250614
37 159 0.252121
37 196 -0.553102
37 197 0.101413
37 198 -0.0329717
37 199 -0.00898821
37 218 -1.51574
38 12 0.481618
38 29 -0.00293326
38 38 7.91626
38 39 -3.12666
38 142 -0.162988
38 143 0.0712837
38 144 0.0421689
38 145 0.0130817
38 150 -0.148158
38 151 -0.143638
38 204 -3.29975
38 205 0.905931
38 206 -0.350804
38 207 0.91682
38 213 0.85279
39 12 -0.764898
39 29 -0.0141804
39 38 -3.12666
39 39 7.72457
39 142 -0.12629
39 143 -0.151068
39 144 -0.272754
39 145 0.0268864
39 150 0.718192
39 151 -0.148158
39 204 -0.568893
39 205 0.290971
39 206 0.848611
39 207 -3.10053
39 213 -3.02846
40 0 0.499238
40 11 0.00880354
40 12 -0.840341
40 13 -0.0391183
40 29 -0.115056
40 34 0.126673
40 35 -0.0259511
40 40 7.46746
40 41 -3.06519
40 42 -0.148158
40 43 -0.143638
40 144 -1.01626
40 145 0.351153
40 146 0.0201956
40 147 -0.131372
40 148 -2.51618
40 149 0.498717
40 208 0.474511
40 209 -2.80122
40 210 0.762033
40 211 -0.170254
40 212 0.85279
41 0 -0.820637
41 11 -0.0404559
41 12 0.402787
41 13 -0.0391183
41 29 0.0406464
41 34 -0.45493
41 35 0.113127
41 40 -3.06519
41 41 7.34457
41 42 0.718192
41 43 -0.148158
41 144 0.368449
41 145 -0.12782
41 146 -0.119551
41 147 -0.0791981
41 148 0.498717
41 149 0.503237
41 208 -2.63746
41 209 -0.233832
41 210 0.141354
41 211 0.714322
41 212 -3.02846
42 0 -1.37924
42 12 -0.0391183
42 13 0.73125
42 14 -0.0391183
42 40 -0.148158
42 41 0.718192
42 42 7.37277
42 43 -3.67734
42 48 0.133092
42 49 -0.688058
42 102 0.217467
42 103 0.221987
42 148 0.503237
42 149 0.498717
42 160 -1.34096
42 212 -3.02846
43 0 0.8125
43 12 -0.0391183
43 13 -1.46049
43 14 -0.0391183
43 40 -0.143638
43 41 -0.148158
43 42 -3.67734
43 43 7.37277
43 48 0.137612
43 49 0.133092
43 102 -1.10993
43 103 0.217467
43 148 0.498717
43 149 -2.51618
43 160 -0.83471
43 212 0.85279
44 13 -1.37924
44 44 7.37277
44 45 -3.67734
44 104 -0.688058
44 105 0.133092
44 152 0.718192
44 153 -0.148158
44 161 -1.34096
44 214 -3.02846
45 13 0.8125
45 44 -3.67734
45 45 7.37277
45 104 0.133092
45 105 0.137612
45 152 -0.148158
45 153 -0.143638
45 161 -0.83471
45 214 0.85279
46 14 0.11795
46 28 0.0883742
46 46 6.91279
46 47 -2.13959
46 106 0.133092
46 107 0.137612
46 136 0.760492
46 137 -0.283355
46 138 -0.18282
46 139 -0.20107
46 162 -0.83471
46 192 -3.67363
46 193 -1.06947
46 194 0.511909
46 195 1.01313
47 14 -0.147578
47 28 -0.238728
47 46 -2.13959
47 47 7.2159
47 106 -0.688058
47 107 0.133092
47 136 -2.01595
47 137 0.74523
47 138 0.134508
47 139 -0.194914
47 162 -1.34096
47 192 1.48433
47 193 -3.93033
47 194 1.08672
47 195 -0.58677
48 0 0.0960651
48 10 0.135361
48 13 -0.0391183
48 14 -0.174041
48 28 0.0563995
48 32 -0.426095
48 33 1.11726
48 42 0.133092
48 43 0.137612
48 48 7.86579
48 49 -2.4076
48 102 0.217467
48 103 -1.10993
48 134 -0.32505
48 135 -0.214947
48 136 0.237701
48 137 -0.228399
48 160 -0.83471
48 188 -1.84929
48 189 0.853889
48 190 1.23083
48 191 -4.43048
49 0 -0.132567
49 10 -0.364385
49 13 -0.0391183
49 14 0.137684
49 28 -0.0379949
49 32 1.11369
49 33 -2.94408
49 42 -0.688058
49 43 0.133092
49 48 -2.4076
49 49 8.36723
49 102 0.221987
49 103 0.217467
49 134 -0.227405
49 135 0.21918
49 136 -0.214946
49 137 0.135966
49 160 -1.34096
49 188 -4.78965
49 189 1.33548
49 190 -0.919393
49 191 2.26443
50 2 -0.97433
50 11 -0.0369978
50 15 0.54375
50 18 -0.0369978
50 36 0.166239
50 37 -0.838728
50 50 5.92634
50 51 -2.70703
50 64 0.166239
50 65 -0.838728
50 116 0.167746
50 117 0.166239
50 158 0.167746
50 159 0.166239
50 169 -1.00949
50 218 -1.00949
51 2 0.54375
51 11 -0.0369978
51 15 -0.97433
51 18 -0.0369978
51 36 0.167746
51 37 0.166239
51 50 -2.70703
51 51 5.92634
51 64 0.167746
51 65 0.166239
51 116 0.166239
51 117 -0.838728
51 158 0.166239
51 159 -0.838728
51 169 -1.00949
51 218 -1.00949
52 1 0.54375
52 10 -0.0369978
52 15 -0.97433
52 17 -0.0369978
52 30 0.166239
52 31 0.167746
52 52 5.92634
52 53 -2.70703
52 60 0.167746
52 61 0.166239
52 118 0.166239
52 119 -0.838728
52 156 0.166239
52 157 -0.838728
52 170 -1.00949
52 217 -1.00949
53 1 -0.97433
53 10 -0.0369978
53 15 0.54375
53 17 -0.0369978
53 30 -0.838728
53 31 0.166239
53 52 -2.70703
53 53 5.92634
53 60 0.166239
53 61 -0.838728
53 118 0.167746
53 119 0.166239
53 156 0.167746
53 157 0.166239
53 170 -1.00949
53 217 -1.00949
54 1 -0.325845
54 10 0.123929
54 16 0.164495
54 17 -0.0492467
54 28 0.129475
54 30 0.989885
54 31 -0.549779
54 54 9.36283
54 55 -2.7101
54 60 0.108733
54 61 -0.554967
54 112 0.333733
54 113 0.335993
54 132 1.18332
54 133 -0.44979
54 134 -0.197682
54 135 -0.429236
54 166 -2.02048
54 184 -4.88567
54 185 1.25123
54 186 1.35669
54 187 -3.14662
55 1 0.127073
55 10 -0.0633302
55 16 -0.302619
55 17 -0.0492467
55 28 -0.31949
55 30 -0.486242
55 31 0.253233
55 54 -2.7101
55 55 8.46619
55 60 0.110993
55 61 0.108733
55 112 -1.67997
55 113 0.333733
55 132 -2.91769
55 133 1.09047
55 134 0.258589
55 135 -0.184634
55 166 -0.67048
55 184 2.99469
55 185 -1.15303
55 186 1.12026
55 187 -4.30449
56 16 -0.229091
56 28 0.0610418
56 56 7.42873
56 57 -2.18206
56 108 0.108733
56 109 -0.554967
56 132 0.435716
56 133 -0.280809
56 138 -0.256959
56 139 -0.164571
56 164 -2.02048
56 180 -1.7905
56 181 -3.58884
56 182 0.952178
56 183 0.784002
57 16 0.131382
57 28 -0.0332043
57 56 -2.18206
57 57 6.99299
57 108 0.110993
57 109 0.108733
57 132 -0.234603
57 133 0.13389
57 138 -0.152303
57 139 0.153343
57 164 -0.67048
57 180 -3.25313
57 181 1.81916
57 182 -0.69834
57 183 0.869217
58 17 0.553125
58 18 -0.0463728
58 58 6.07199
58 59 -2.73691
58 62 -1.2606
58 63 0.250614
58 110 0.110993
58 111 0.108733
58 114 0.167746
58 115 0.166239
58 165 -0.67048
58 168 -1.00949
59 17 -0.964788
59 18 -0.0463728
59 58 -2.73691
59 59 6.07199
59 62 0.250614
59 63 0.252121
59 110 0.108733
59 111 -0.554967
59 114 0.166239
59 115 -0.838728
59 165 -1.00798
59 168 -1.51574
60 1 0.553125
60 15 -0.0463728
60 16 -0.0304967
60 17 -0.980413
60 52 0.167746
60 53 0.166239
60 54 0.108733
60 55 0.110993
60 60 6.07199
60 61 -2.73691
60 112 0.164983
60 113 -0.836217
60 118 -1.2606
60 119 0.250614
60 166 -0.67048
60 170 -1.00949
61 1 -0.964788
61 15 -0.0463728
61 16 -0.0304967
61 17 0.5375
61 52 0.166239
61 53 -0.838728
61 54 -0.554967
61 55 0.108733
61 60 -2.73691
61 61 6.07199
61 112 0.167243
61 113 0.164983
61 118 0.250614
61 119 0.252121
61 166 -1.00798
61 170 -1.51574
62 17 -0.0463728
62 18 0.553125
62 58 -1.2606
62 59 0.250614
62 62 6.07199
62 63 -2.73691
62 114 0.166239
62 115 0.167746
62 120 0.110993
62 121 0.108733
62 168 -1.00949
62 172 -0.67048
63 17 -0.0463728
63 18 -0.964788
63 58 0.250614
63 59 0.252121
63 62 -2.73691
63 63 6.07199
63 114 -0.838728
63 115 0.166239
63 120 0.108733
63 121 -0.554967
63 168 -1.51574
63 172 -1.00798
64 2 0.553125
64 15 -0.0463728
64 18 -0.980413
64 19 -0.0304967
64 50 0.166239
64 51 0.167746
64 64 6.07199
64 65 -2.73691
64 68 0.110993
64 69 0.108733
64 116 -1.2606
64 117 0.250614
64 124 -0.836217
64 125 0.164983
64 169 -1.00949
64 174 -0.67048
65 2 -0.964788
65 15 -0.0463728
65 18 0.5375
65 19 -0.0304967
65 50 -0.838728
65 51 0.166239
65 64 -2.73691
65 65 6.07199
65 68 0.108733
65 69 -0.554967
65 116 0.250614
65 117 0.252121
65 124 0.164983
65 125 0.167243
65 169 -1.51574
65 174 -1.00798
66 19 0.58125
66 66 6.50391
66 67 -2.8248
66 122 0.110993
66 123 0.108733
66 126 -0.00200893
66 127 -0.00502232
66 173 -0.67048
66 176 0.00602679
67 19 -0.936328
67 66 -2.8248
67 67 6.50391
67 122 0.108733
67 123 -0.554967
67 126 -0.00502232
67 127 0.0100446
67 173 -2.02048
67 176 -2.01897
68 2 0.58125
68 18 -0.0492467
68 19 -0.998828
68 20 -0.0364955
68 64 0.110993
68 65 0.108733
68 68 6.50391
68 69 -2.8248
68 72 -0.00200893
68 73 -0.00502232
68 124 0.333733
68 125 -1.67997
68 130 -1.67746
68 131 0.332478
68 174 -0.67048
68 178 0.00602679
69 2 -0.936328
69 18 -0.0492467
69 19 0.51875
69 20 -0.0364955
69 64 0.108733
69 65 -0.554967
69 68 -2.8248
69 69 6.50391
69 72 -0.00502232
69 73 0.0100446
69 124 0.335993
69 125 0.333733
69 130 0.332478
69 131 0.335491
69 174 -2.02048
69 178 -2.01897
70 20 0.344528
70 29 0.0556278
70 70 6.74063
70 71 -2.51515
70 128 -0.00200893
70 129 -0.00502232
70 140 0.513056
70 141 -0.188695
70 142 -0.132426
70 143 -0.164307
70 177 0.00602679
70 200 -2.79714
70 201 0.752689
70 202 0.477653
70 203 -1.07635
71 20 -0.597635
71 29 -0.144828
71 70 -2.51515
71 71 6.5017
71 128 -0.00502232
71 129 0.0100446
71 140 -1.32118
71 141 0.477954
71 142 0.0824174
71 143 -0.120443
71 177 -2.01897
71 200 1.10409
71 201 -0.41662
71 202 0.691678
71 203 -2.5668
72 2 0.357765
72 11 0.0386643
72 19 -0.0364955
72 20 -0.633956
72 29 -0.0115394
72 36 -0.128261
72 37 0.35971
72 68 -0.00200893
72 69 -0.00502232
72 72 6.19832
72 73 -2.41874
72 130 0.332478
72 131 -1.67746
72 140 -0.129243
72 141 -0.0082614
72 146 -0.110214
72 147 -0.100725
72 178 0.00602679
72 196 -0.657585
72 197 -2.23504
72 198 0.601386
72 199 0.294575
73 2 -0.642076
73 11 -0.105559
73 19 -0.0364955
73 20 0.29629
73 29 -0.000582799
73 36 0.336638
73 37 -0.958006
73 68 -0.00502232
73 69 0.0100446
73 72 -2.41874
73 73 6.06136
73 130 0.335491
73 131 0.332478
73 140 0.0155335
73 141 0.0157051
73 146 -0.0888785
73 147 0.0283016
73 178 -2.01897
73 196 -2.0594
73 197 0.603834
73 198 -0.218076
73 199 0.552263
74 74 1
75 75 1
76 76 1
77 77 1
78 78 1
79 79 1
80 80 1
81 81 1
82 82 1
83 83 1
84 84 1
85 85 1
86 86 1
87 87 1
88 88 1
89 89 1
90 90 1
91 91 1
92 92 1
93 93 1
94 94 1
95 95 1
96 96 1
97 97 1
98 98 1
99 99 1
100 100 1
101 101 1
102 0 -0.0484933
102 13 -0.510491
102 14 0.33125
102 42 0.217467
102 43 -1.10993
102 48 0.217467
102 49 0.221987
102 102 5.96652
102 103 -2.04609
102 104 -1.10993
102 105 0.217467
102 106 0.217467
102 107 0.221987
102 160 -1.34096
102 163 -1.34096
103 0 -0.0484933
103 13 0.33125
103 14 -0.510491
103 42 0.221987
103 43 0.217467
103 48 -1.10993
103 49 0.217467
103 102 -2.04609
103 103 5.96652
103 104 0.217467
103 105 0.221987
103 106 -1.10993
103 107 0.217467
103 160 -1.34096
103 163 -1.34096
104 13 -0.857366
104 14 -0.0391183
104 44 -0.688058
104 45 0.133092
104 102 -1.10993
104 103 0.217467
104 104 5.96652
104 105 -2.55234
104 106 0.137612
104 107 0.133092
104 161 -1.34096
104 163 -0.83471
105 13 0.490625
105 14 -0.0391183
105 44 0.133092
105 45 0.137612
105 102 0.217467
105 103 0.221987
105 104 -2.55234
105 105 5.96652
105 106 0.133092
105 107 -0.688058
105 161 -0.83471
105 163 -1.34096
106 13 -0.0391183
106 14 -0.857366
106 46 0.133092
106 47 -0.688058
106 102 0.217467
106 103 -1.10993
106 104 0.137612
106 105 0.133092
106 106 5.96652
106 107 -2.55234
106 162 -1.34096
106 163 -0.83471
107 13 -0.0391183
107 14 0.490625
107 46 0.137612
107 47 0.133092
107 102 0.221987
107 103 0.217467
107 104 0.133092
107 105 -0.688058
107 106 -2.55234
107 107 5.96652
107 162 -0.83471
107 163 -1.34096
108 16 0.70625
108 17 -0.0304967
108 56 0.108733
108 57 0.110993
108 108 6.21763
108 109 -3.27305
108 110 -0.554967
108 111 0.108733
108 112 0.164983
108 113 0.167243
108 164 -0.67048
108 167 -1.00798
109 16 -1.31775
109 17 -0.0304967
109 56 -0.554967
109 57 0.108733
109 108 -3.27305
109 109 6.21763
109 110 0.108733
109 111 0.110993
109 112 -0.836217
109 113 0.164983
109 164 -1.00798
109 167 -0.67048
110 16 -0.0492467
110 17 0.3875
110 58 0.110993
110 59 0.108733
110 108 -0.554967
110 109 0.108733
110 110 6.21763
110 111 -2.26055
110 112 0.335993
110 113 0.333733
110 165 -0.67048
110 167 -2.02048
111 16 -0.0492467
111 17 -0.623996
111 58 0.108733
111 59 -0.554967
111 108 0.108733
111 109 0.110993
111 110 -2.26055
111 111 6.21763
111 112 0.333733
111 113 -1.67997
111 165 -2.02048
111 167 -0.67048
112 1 -0.0554967
112 16 -0.392746
112 17 0.28125
112 54 0.333733
112 55 -1.67997
112 60 0.164983
112 61 0.167243
112 108 0.164983
112 109 -0.836217
112 110 0.335993
112 111 0.333733
112 112 6.21763
112 113 -1.92305
112 166 -1.00798
112 167 -2.02048
113 1 -0.0554967
113 16 0.28125
113 17 -0.392746
113 54 0.335993
113 55 0.333733
113 60 -0.836217
113 61 0.164983
113 108 0.167243
113 109 0.164983
113 110 0.333733
113 111 -1.67997
113 112 -1.92305
113 113 6.21763
113 166 -2.02048
113 167 -1.00798
114 15 -0.0369978
114 17 0.54375
114 18 -0.97433
114 58 0.167746
114 59 0.166239
114 62 0.166239
114 63 -0.838728
114 114 5.92634
114 115 -2.70703
114 116 -0.838728
114 117 0.166239
114 118 0.166239
114 119 0.167746
114 168 -1.00949
114 171 -1.00949
115 15 -0.0369978
115 17 -0.97433
115 18 0.54375
115 58 0.166239
115 59 -0.838728
115 62 0.167746
115 63 0.166239
115 114 -2.70703
115 115 5.92634
115 116 0.166239
115 117 0.167746
115 118 -0.838728
115 119 0.166239
115 168 -1.00949
115 171 -1.00949
116 2 -0.0463728
116 15 0.384375
116 17 -0.0463728
116 18 -0.627455
116 50 0.167746
116 51 0.166239
116 64 -1.2606
116 65 0.250614
116 114 -0.838728
116 115 0.166239
116 116 5.92634
116 117 -2.20078
116 118 0.252121
116 119 0.250614
116 169 -1.00949
116 171 -1.51574
117 2 -0.0463728
117 15 -0.627455
117 17 -0.0463728
117 18 0.384375
117 50 0.166239
117 51 -0.838728
117 64 0.250614
117 65 0.252121
117 114 0.166239
117 115 0.167746
117 116 -2.20078
117 117 5.92634
117 118 0.250614
117 119 -1.2606
117 169 -1.51574
117 171 -1.00949
118 1 -0.0463728
118 15 0.384375
118 17 -0.627455
118 18 -0.0463728
118 52 0.166239
118 53 0.167746
118 60 -1.2606
118 61 0.250614
118 114 0.166239
118 115 -0.838728
118 116 0.252121
118 117 0.250614
118 118 5.92634
118 119 -2.20078
118 170 -1.00949
118 171 -1.51574
119 1 -0.0463728
119 15 -0.627455
119 17 0.384375
119 18 -0.0463728
119 52 -0.838728
119 53 0.166239
119 60 0.250614
119 61 0.252121
119 114 0.167746
119 115 0.166239
119 116 0.250614
119 117 -1.2606
119 118 -2.20078
119 119 5.92634
119 170 -1.51574
119 171 -1.00949
120 18 0.3875
120 19 -0.0492467
120 62 0.110993
120 63 0.108733
120 120 6.21763
120 121 -2.26055
120 122 -0.554967
120 123 0.108733
120 124 0.333733
120 125 0.335993
120 172 -0.67048
120 175 -2.02048
121 18 -0.623996
121 19 -0.0492467
121 62 0.108733
121 63 -0.554967
121 120 -2.26055
121 121 6.21763
121 122 0.108733
121 123 0.110993
121 124 -1.67997
121 125 0.333733
121 172 -2.02048
121 175 -0.67048
122 18 -0.0304967
122 19 0.70625
122 66 0.110993
122 67 0.108733
122 120 -0.554967
122 121 0.108733
122 122 6.21763
122 123 -3.27305
122 124 0.167243
122 125 0.164983
122 173 -0.67048
122 175 -1.00798
123 18 -0.0304967
123 19 -1.31775
123 66 0.108733
123 67 -0.554967
123 120 0.108733
123 121 0.110993
123 122 -3.27305
123 123 6.21763
123 124 0.164983
123 125 -0.836217
123 173 -1.00798
123 175 -0.67048
124 2 -0.0554967
124 18 -0.392746
124 19 0.28125
124 64 -0.836217
124 65 0.164983
124 68 0.333733
124 69 0.335993
124 120 0.333733
124 121 -1.67997
124 122 0.167243
124 123 0.164983
124 124 6.21763
124 125 -1.92305
124 174 -2.02048
124 175 -1.00798
125 2 -0.0554967
125 18 0.28125
125 19 -0.392746
125 64 0.164983
125 65 0.167243
125 68 -1.67997
125 69 0.333733
125 120 0.335993
125 121 0.333733
125 122 0.164983
125 123 -0.836217
125 124 -1.92305
125 125 6.21763
125 174 -1.00798
125 175 -2.02048
126 19 0.7125
126 20 -0.0364955
126 66 -0.00200893
126 67 -0.00502232
126 126 6.79018
126 127 -3.38906
126 128 0.0100446
126 129 -0.00502232
126 130 0.332478
126 131 0.335491
126 176 0.00602679
126 179 -2.01897
127 19 -1.31116
127 20 -0.0364955
127 66 -0.00502232
127 67 0.0100446
127 126 -3.38906
127 127 6.79018
127 128 -0.00502232
127 129 -0.00200893
127 130 -1.67746
127 131 0.332478
127 176 -2.01897
127 179 0.00602679
128 19 -0.0364955
128 20 0.7125
128 70 -0.00200893
128 71 -0.00502232
128 126 0.0100446
128 127 -0.00502232
128 128 6.79018
128 129 -3.38906
128 130 0.335491
128 131 0.332478
128 177 0.00602679
128 179 -2.01897
129 19 -0.0364955
129 20 -1.31116
129 70 -0.00502232
129 71 0.0100446
129 126 -0.00502232
129 127 -0.00200893
129 128 -3.38906
129 129 6.79018
129 130 0.332478
129 131 -1.67746
129 177 -2.01897
129 179 0.00602679
130 2 -0.0739955
130 19 0.0763393
130 20 0.075
130 68 -1.67746
130 69 0.332478
130 72 0.332478
130 73 0.335491
130 126 0.332478
130 127 -1.67746
130 128 0.335491
130 129 0.332478
130 130 6.79018
130 131 -1.36406
130 178 -2.01897
130 179 -2.01897
131 2 -0.0739955
131 19 0.075
131 20 0.0763393
131 68 0.332478
131 69 0.335491
131 72 -1.67746
131 73 0.332478
131 126 0.335491
131 127 0.332478
131 128 0.332478
131 129 -1.67746
131 130 -1.36406
131 131 6.79018
131 178 -2.01897
131 179 -2.01897
132 1 -0.484484
132 10 -0.041083
132 16 -1.2919
132 28 0.371496
132 30 0.168136
132 31 0.113312
132 54 1.18332
132 55 -2.91769
132 56 0.435716
132 57 -0.234603
132 132 8.03019
132 133 -3.39095
132 134 0.182786
132 135 -0.319332
132 138 -0.327242
132 139 0.859343
132 180 -0.00500129
132 181 -0.582683
132 182 -2.84049
132 183 1.14426
132 184 0.229806
132 185 -0.732919
132 186 1.41849
132 187 -0.820753
133 1 0.175222
133 10 0.0347643
133 16 0.310366
133 28 -1.37897
133 30 -0.583571
133 31 0.181539
133 54 -0.44979
133 55 1.09047
133 56 -0.280809
133 57 0.13389
133 132 -3.39095
133 133 7.58668
133 134 -0.314423
133 135 0.425704
133 138 0.860263
133 139 -2.27815
133 180 -0.444388
133 181 1.12997
133 182 -0.383601
133 183 -0.0551127
133 184 1.32265
133 185 0.138436
133 186 -0.576995
133 187 -3.11979
134 0 0.0922488
134 1 -0.468678
134 10 0.340955
134 14 0.105836
134 16 -0.0503736
134 28 -0.134412
134 30 1.3597
134 31 -3.52082
134 32 0.640378
134 33 -0.394799
134 48 -0.32505
134 49 -0.227405
134 54 -0.197682
134 55 0.258589
134 132 0.182786
134 133 -0.314423
134 134 11.2665
134 135 -2.57439
134 136 -0.365163
134 137 0.968886
134 184 1.35284
134 185 -4.77417
134 186 2.60346
134 187 -1.09331
134 188 1.25622
134 189 -4.70003
134 190 -2.26992
134 191 1.00095
135 0 -0.0476104
135 1 0.17286
135 10 -0.24833
135 14 -0.263659
135 16 0.077051
135 28 0.318251
135 30 -0.519532
135 31 1.33357
135 32 -0.33011
135 33 0.184368
135 48 -0.214947
135 49 0.21918
135 54 -0.429236
135 55 -0.184634
135 132 -0.319332
135 133 0.425704
135 134 -2.57439
135 135 9.98808
135 136 0.895415
135 137 -2.41667
135 184 1.095
135 185 -2.41888
135 186 -4.3124
135 187 1.20951
135 188 -0.950008
135 189 2.46384
135 190 -4.28735
135 191 1.15653
136 0 0.00433059
136 10 0.140983
136 14 -1.48877
136 28 0.355729
136 32 -0.50259
136 33 0.214735
136 46 0.760492
136 47 -2.01595
136 48 0.237701
136 49 -0.214946
136 134 -0.365163
136 135 0.895415
136 136 6.87392
136 137 -3.25913
136 138 0.096447
136 139 -0.196397
136 188 -0.0386338
136 189 1.14926
136 190 -2.74845
136 191 -0.0804812
136 192 -0.168127
136 193 0.0416342
136 194 0.715528
136 195 -0.289055
137 0 -0.0261171
137 10 -0.392865
137 14 0.401316
137 28 -1.38457
137 32 0.202344
137 33 0.0475198
137 46 -0.283355
137 47 0.74523
137 48 -0.228399
137 49 0.135966
137 134 0.968886
137 135 -2.41667
137 136 -3.25913
137 137 7.07767
137 138 -0.145692
137 139 0.235723
137 188 -0.50406
137 189 0.0197059
137 190 -0.247326
137 191 0.932305
137 192 1.0096
137 193 -2.52908
137 194 -0.104179
137 195 -0.128335
138 14 -0.0244858
138 16 0.105391
138 28 -0.212366
138 46 -0.18282
138 47 0.134508
138 56 -0.256959
138 57 -0.152303
138 132 -0.327242
138 133 0.860263
138 136 0.096447
138 137 -0.145692
138 138 7.70054
138 139 -1.86061
138 180 0.941584
138 181 0.652654
138 182 -1.41217
138 183 -3.41298
138 192 0.946388
138 193 -0.601235
138 194 1.5794
138 195 -3.45416
139 14 0.0432669
139 16 -0.285427
139 28 0.373179
139 46 -0.20107
139 47 -0.194914
139 56 -0.164571
139 57 0.153343
139 132 0.859343
139 133 -2.27815
139 136 -0.196397
139 137 0.235723
139 138 -1.86061
139 139 8.40657
139 180 -0.671738
139 181 1.0283
139 182 -3.70836
139 183 1.64629
139 192 0.597762
139 193 1.0181
139 194 -3.73201
139 195 -1.32486
140 2 -0.0394411
140 11 0.0475419
140 20 -0.790725
140 29 0.234645
140 36 -0.185545
140 37 0.0843025
140 70 0.513056
140 71 -1.32118
140 72 -0.129243
140 73 0.0155335
140 140 4.9956
140 141 -2.14909
140 142 0.0354088
140 143 -0.0224804
140 146 -0.145653
140 147 0.395668
140 196 0.0291813
140 197 -0.414963
140 198 -1.24161
140 199 0.493862
140 200 0.0677824
140 201 -0.166823
140 202 0.265886
140 203 -0.427799
141 2 0.00626826
141 11 -0.140697
141 20 0.196857
141 29 -0.90355
141 36 0.0960554
141 37 -0.0459177
141 70 -0.188695
141 71 0.477954
141 72 -0.0082614
141 73 0.0157051
141 140 -2.14909
141 141 4.91231
141 142 -0.0120851
141 143 -0.152237
141 146 0.405356
141 147 -1.10863
141 196 -0.059676
141 197 0.160011
141 198 -0.294527
141 199 -0.00655794
141 200 0.571373
141 201 0.0267447
141 202 -0.301276
141 203 -1.36408
142 12 0.0476977
142 20 -0.00862947
142 29 -0.113688
142 38 -0.162988
142 39 -0.12629
142 70 -0.132426
142 71 0.0824174
142 140 0.0354088
142 141 -0.0120851
142 142 6.79154
142 143 -1.51642
142 144 -0.162291
142 145 0.450583
142 200 0.820794
142 201 -2.9981
142 202 1.00913
142 203 -0.402069
142 204 0.841387
142 205 -3.05777
142 206 -0.75799
142 207 0.352333
143 12 -0.124956
143 20 -0.00294591
143 29 0.237482
143 38 0.0712837
143 39 -0.151068
143 70 -0.164307
143 71 -0.120443
143 140 -0.0224804
143 141 -0.152237
143 142 -1.51642
143 143 6.37222
143 144 0.414171
143 145 -1.17003
143 200 0.392063
143 201 -0.821471
143 202 -2.78331
143 203 0.758399
143 204 -0.358716
143 205 0.969875
143 206 -2.84989
143 207 0.784821
144 0 -0.134575
144 11 0.0135971
144 12 -1.05142
144 29 0.244449
144 34 0.127257
144 35 -0.0789458
144 38 0.0421689
144 39 -0.272754
144 40 -1.01626
144 41 0.368449
144 142 -0.162291
144 143 0.414171
144 144 4.82096
144 145 -2.25308
144 146 -0.0060372
144 147 0.0411215
144 204 -0.0708632
144 205 0.52406
144 206 -1.27164
144 207 -0.00158636
144 208 -0.0947662
144 209 -0.00566577
144 210 -0.0919578
144 211 0.0377338
145 0 0.0437237
145 11 -0.059126
145 12 0.277891
145 29 -0.933464
145 34 -0.179427
145 35 0.11556
145 38 0.0130817
145 39 0.0268864
145 40 0.351153
145 41 -0.12782
145 142 0.450583
145 143 -1.17003
145 144 -2.25308
145 145 4.83604
145 146 0.0713794
145 147 -0.257115
145 204 -0.0586646
145 205 -0.0358955
145 206 -0.108661
145 207 0.00313514
145 208 0.452517
145 209 -1.15842
145 210 -0.109396
145 211 -0.0626877
146 0 -0.0895434
146 2 -0.0302442
146 11 0.134352
146 12 0.00457338
146 20 0.0476236
146 29 -0.130391
146 34 0.286841
146 35 -0.844132
146 36 -0.341852
146 37 0.0682817
146 40 0.0201956
146 41 -0.119551
146 72 -0.110214
146 73 -0.0888785
146 140 -0.145653
146 141 0.405356
146 144 -0.0060372
146 145 0.0713794
146 146 5.56848
146 147 -1.3678
146 196 0.616854
146 197 0.22671
146 198 -0.450641
146 199 -2.29817
146 208 0.65168
146 209 -0.175563
146 210 0.51088
146 211 -2.37469
147 0 0.0323984
147 2 0.00382491
147 11 -0.0817648
147 12 -0.0223361
147 20 -0.133578
147 29 0.233826
147 34 -0.107949
147 35 0.313149
147 36 0.0774511
147 37 -0.00627539
147 40 -0.131372
147 41 -0.0791981
147 72 -0.100725
147 73 0.0283016
147 140 0.395668
147 141 -1.10863
147 144 0.0411215
147 145 -0.257115
147 146 -1.3678
147 147 5.82375
147 196 -0.208255
147 197 0.666509
147 198 -2.46776
147 199 0.539223
147 208 0.193
147 209 0.699109
147 210 -2.54164
147 211 -0.39662
148 0 -0.110993
148 12 0.677009
148 13 -0.16875
148 40 -2.51618
148 41 0.498717
148 42 0.503237
148 43 0.498717
148 148 8.77902
148 149 -0.921094
148 150 -2.51618
148 151 0.498717
148 152 0.498717
148 153 0.503237
148 212 -3.02846
148 215 -3.02846
149 0 -0.110993
149 12 -0.16875
149 13 0.677009
149 40 0.498717
149 41 0.503237
149 42 0.498717
149 43 -2.51618
149 148 -0.921094
149 149 8.77902
149 150 0.498717
149 151 0.503237
149 152 -2.51618
149 153 0.498717
149 212 -3.02846
149 215 -3.02846
150 12 -1.98237
150 13 -0.0391183
150 38 -0.148158
150 39 0.718192
150 148 -2.51618
150 149 0.498717
150 150 8.77902
150 151 -4.80234
150 152 -0.143638
150 153 -0.148158
150 213 -3.02846
150 215 0.85279
151 12 1.05313
151 13 -0.0391183
151 38 -0.143638
151 39 -0.148158
151 148 0.498717
151 149 0.503237
151 150 -4.80234
151 151 8.77902
151 152 -0.148158
151 153 0.718192
151 213 0.85279
151 215 -3.02846
152 12 -0.0391183
152 13 -1.98237
152 44 0.718192
152 45 -0.148158
152 148 0.498717
152 149 -2.51618
152 150 -0.143638
152 151 -0.148158
152 152 8.77902
152 153 -4.80234
152 214 -3.02846
152 215 0.85279
153 12 -0.0391183
153 13 1.05312
153 44 -0.148158
153 45 -0.143638
153 148 0.503237
153 149 0.498717
153 150 -0.148158
153 151 0.718192
153 152 -4.80234
153 153 8.77902
153 214 0.85279
153 215 -3.02846
154 0 -0.0369978
154 10 -0.97433
154 11 0.54375
154 15 -0.0369978
154 32 -0.838728
154 33 0.166239
154 34 0.167746
154 35 0.166239
154 154 5.92634
154 155 -2.70703
154 156 -0.838728
154 157 0.166239
154 158 0.166239
154 159 0.167746
154 216 -1.00949
154 219 -1.00949
155 0 -0.0369978
155 10 0.54375
155 11 -0.97433
155 15 -0.0369978
155 32 0.166239
155 33 0.167746
155 34 0.166239
155 35 -0.838728
155 154 -2.70703
155 155 5.92634
155 156 0.166239
155 157 0.167746
155 158 -0.838728
155 159 0.166239
155 216 -1.00949
155 219 -1.00949
156 1 -0.0463728
156 10 -0.627455
156 11 -0.0463728
156 15 0.384375
156 30 0.250614
156 31 -1.2606
156 52 0.166239
156 53 0.167746
156 154 -0.838728
156 155 0.166239
156 156 5.92634
156 157 -2.20078
156 158 0.252121
156 159 0.250614
156 217 -1.00949
156 219 -1.51574
157 1 -0.0463728
157 10 0.384375
157 11 -0.0463728
157 15 -0.627455
157 30 0.252121
157 31 0.250614
157 52 -0.838728
157 53 0.166239
157 154 0.166239
157 155 0.167746
157 156 -2.20078
157 157 5.92634
157 158 0.250614
157 159 -1.2606
157 217 -1.51574
157 219 -1.00949
158 2 -0.0463728
158 10 -0.0463728
158 11 -0.627455
158 15 0.384375
158 36 -1.2606
158 37 0.250614
158 50 0.167746
158 51 0.166239
158 154 0.166239
158 155 -0.838728
158 156 0.252121
158 157 0.250614
158 158 5.92634
158 159 -2.20078
158 218 -1.00949
158 219 -1.51574
159 2 -0.0463728
159 10 -0.0463728
159 11 0.384375
159 15 -0.627455
159 36 0.250614
159 37 0.252121
159 50 0.166239
159 51 -0.838728
159 154 0.167746
159 155 0.166239
159 156 0.250614
159 157 -1.2606
159 158 -2.20078
159 159 5.92634
159 218 -1.51574
159 219 -1.00949
160 0 0.00200893
160 13 0.00200893
160 14 0.00200893
160 42 -1.34096
160 43 -0.83471
160 48 -0.83471
160 49 -1.34096
160 102 -1.34096
160 103 -1.34096
160 160 7.19598
161 13 0.00200893
161 44 -1.34096
161 45 -0.83471
161 104 -1.34096
161 105 -0.83471
161 161 7.19598
162 14 0.00200893
162 46 -0.83471
162 47 -1.34096
162 106 -1.34096
162 107 -0.83471
162 162 7.19598
163 13 0.00200893
163 14 0.00200893
163 102 -1.34096
163 103 -1.34096
163 104 -0.83471
163 105 -1.34096
163 106 -0.83471
163 107 -1.34096
163 163 7.19598
164 16 0.00100446
164 56 -2.02048
164 57 -0.67048
164 108 -0.67048
164 109 -1.00798
164 164 7.47924
165 17 0.00100446
165 58 -0.67048
165 59 -1.00798
165 110 -0.67048
165 111 -2.02048
165 165 7.47924
166 1 0.00100446
166 16 0.00100446
166 17 0.00100446
166 54 -2.02048
166 55 -0.67048
166 60 -0.67048
166 61 -1.00798
166 112 -1.00798
166 113 -2.02048
166 166 7.47924
167 16 0.00100446
167 17 0.00100446
167 108 -1.00798
167 109 -0.67048
167 110 -2.02048
167 111 -0.67048
167 112 -2.02048
167 113 -1.00798
167 167 7.47924
168 17 0.000669643
168 18 0.000669643
168 58 -1.00949
168 59 -1.51574
168 62 -1.00949
168 63 -1.51574
168 114 -1.00949
168 115 -1.00949
168 168 7.12366
169 2 0.000669643
169 15 0.000669643
169 18 0.000669643
169 50 -1.00949
169 51 -1.00949
169 64 -1.00949
169 65 -1.51574
169 116 -1.00949
169 117 -1.51574
169 169 7.12366
170 1 0.000669643
170 15 0.000669643
170 17 0.000669643
170 52 -1.00949
170 53 -1.00949
170 60 -1.00949
170 61 -1.51574
170 118 -1.00949
170 119 -1.51574
170 170 7.12366
171 15 0.000669643
171 17 0.000669643
171 18 0.000669643
171 114 -1.00949
171 115 -1.00949
171 116 -1.51574
171 117 -1.00949
171 118 -1.51574
171 119 -1.00949
171 171 7.12366
172 18 0.00100446
172 62 -0.67048
172 63 -1.00798
172 120 -0.67048
172 121 -2.02048
172 172 7.47924
173 19 0.00100446
173 66 -0.67048
173 67 -2.02048
173 122 -0.67048
173 123 -1.00798
173 173 7.47924
174 2 0.00100446
174 18 0.00100446
174 19 0.00100446
174 64 -0.67048
174 65 -1.00798
174 68 -0.67048
174 69 -2.02048
174 124 -2.02048
174 125 -1.00798
174 174 7.47924
175 18 0.00100446
175 19 0.00100446
175 120 -2.02048
175 121 -0.67048
175 122 -1.00798
175 123 -0.67048
175 124 -1.00798
175 125 -2.02048
175 175 7.47924
176 19 0.00133929
176 66 0.00602679
176 67 -2.01897
176 126 0.00602679
176 127 -2.01897
176 176 8.17232
177 20 0.00133929
177 70 0.00602679
177 71 -2.01897
177 128 0.00602679
177 129 -2.01897
177 177 8.17232
178 2 0.00133929
178 19 0.00133929
178 20 0.00133929
178 68 0.00602679
178 69 -2.01897
178 72 0.00602679
178 73 -2.01897
178 130 -2.01897
178 131 -2.01897
178 178 8.17232
179 19 0.00133929
179 20 0.00133929
179 126 -2.01897
179 127 0.00602679
179 128 -2.01897
179 129 0.00602679
179 130 -2.01897
179 131 -2.01897
179 179 8.17232
180 16 0.987469
180 28 0.119111
180 56 -1.7905
180 57 -3.25313
180 132 -0.00500129
180 133 -0.444388
180 138 0.941584
180 139 -0.671738
180 180 13.3454
180 181 -4.31772
180 182 3.55136
180 183 -6.74292
181 16 -2.62052
181 28 -0.255997
181 56 -3.58884
181 57 1.81916
181 132 -0.582683
181 133 1.12997
181 138 0.652654
181 139 1.0283
181 180 -4.31772
181 181 14.8444
181 182 -7.42621
181 183 -1.15623
182 16 0.973126
182 28 0.294699
182 56 0.952178
182 57 -0.69834
182 132 -2.84049
182 133 -0.383601
182 138 -1.41217
182 139 -3.70836
182 180 3.55136
182 181 -7.42621
182 182 14.3257
182 183 -4.03002
183 16 -0.367581
183 28 -0.169549
183 56 0.784002
183 57 0.869217
183 132 1.14426
183 133 -0.0551127
183 138 -3.41298
183 139 1.64629
183 180 -6.74292
183 181 -1.15623
183 182 -4.03002
183 183 13.0025
184 1 -4.35841
184 10 -0.50553
184 16 -0.415302
184 28 -0.391914
184 30 -1.31827
184 31 2.23257
184 54 -4.88567
184 55 2.99469
184 132 0.229806
184 133 1.32265
184 134 1.35284
184 135 1.095
184 184 21.6163
184 185 -10.2486
184 186 -2.24136
184 187 -6.45771
185 1 1.62825
185 10 0.740017
185 16 0.204461
185 28 1.00707
185 30 -4.50396
185 31 -0.9522
185 54 1.25123
185 55 -1.15303
185 132 -0.732919
185 133 0.138436
185 134 -4.77417
185 135 -2.41888
185 184 -10.2486
185 185 20.0421
185 186 -5.80947
185 187 5.608
186 1 -0.613595
186 10 -0.369872
186 16 -0.348291
186 28 -2.50377
186 30 1.82479
186 31 0.0216153
186 54 1.35669
186 55 1.12026
186 132 1.41849
186 133 -0.576995
186 134 2.60346
186 135 -4.3124
186 184 -2.24136
186 185 -5.80947
186 186 17.431
186 187 -8.96888
187 1 1.64084
187 10 0.225464
187 16 0.593359
187 28 0.952581
187 30 0.101524
187 31 -0.862146
187 54 -3.14662
187 55 -4.30449
187 132 -0.820753
187 133 -3.11979
187 134 -1.09331
187 135 1.20951
187 184 -6.45771
187 185 5.608
187 186 -8.96888
187 187 18.4688
188 0 0.485105
188 10 1.24767
188 14 0.874996
188 28 0.149774
188 32 -3.73991
188 33 -0.270008
188 48 -1.84929
188 49 -4.78965
188 134 1.25622
188 135 -0.950008
188 136 -0.0386338
188 137 -0.50406
188 188 17.6726
188 189 -9.39517
188 190 4.59734
188 191 -4.71182
189 0 -0.367468
189 10 -3.35143
189 14 -0.333512
189 28 -0.27974
189 32 -0.491412
189 33 1.49898
189 48 0.853889
189 49 1.33548
189 134 -4.70003
189 135 2.46384
189 136 1.14926
189 137 0.0197059
189 188 -9.39517
189 189 18.3257
189 190 -5.04328
189 191 -1.65493
190 0 0.167952
190 10 1.26775
190 14 0.817903
190 28 0.357088
190 32 -0.0838286
190 33 -0.594475
190 48 1.23083
190 49 -0.919393
190 134 -2.26992
190 135 -4.28735
190 136 -2.74845
190 137 -0.247326
190 188 4.59734
190 189 -5.04328
190 190 16.3002
190 191 -8.50989
191 0 -0.25865
191 10 -0.473309
191 14 -2.19302
191 28 -0.249135
191 32 1.50532
191 33 -0.137529
191 48 -4.43048
191 49 2.26443
191 134 1.00095
191 135 1.15653
191 136 -0.0804812
191 137 0.932305
191 188 -4.71182
191 189 -1.65493
191 190 -8.50989
191 191 15.8801
192 14 -0.0979919
192 28 -0.306853
192 46 -3.67363
192 47 1.48433
192 136 -0.168127
192 137 1.0096
192 138 0.946388
192 139 0.597762
192 192 12.5934
192 193 -3.50512
192 194 -0.79853
192 195 -6.81589
193 14 0.129419
193 28 0.811171
193 46 -1.06947
193 47 -3.93033
193 136 0.0416342
193 137 -2.52908
193 138 -0.601235
193 139 1.0181
193 192 -3.50512
193 193 13.6153
193 194 -7.35972
193 195 3.06422
194 14 -0.177771
194 28 -2.20499
194 46 0.511909
194 47 1.08672
194 136 0.715528
194 137 -0.104179
194 138 1.5794
194 139 -3.73201
194 192 -0.79853
194 193 -7.35972
194 194 13.7886
194 195 -3.6688
195 14 0.0860143
195 28 0.831301
195 46 1.01313
195 47 -0.58677
195 136 -0.289055
195 137 -0.128335
195 138 -3.45416
195 139 -1.32486
195 192 -6.81589
195 193 3.06422
195 194 -3.6688
195 195 12.6756
196 2 -0.255809
196 11 0.299974
196 20 0.449686
196 29 0.00714733
196 36 -0.872289
196 37 -0.553102
196 72 -0.657585
196 73 -2.0594
196 140 0.0291813
196 141 -0.059676
196 146 0.616854
196 147 -0.208255
196 196 9.36419
196 197 -3.05203
196 198 1.61535
196 199 -4.6115
197 2 0.0378072
197 11 -0.114312
197 20 -1.22375
197 29 0.00748912
197 36 0.366563
197 37 0.101413
197 72 -2.23504
197 73 0.603834
197 140 -0.414963
197 141 0.160011
197 146 0.22671
197 147 0.666509
197 196 -3.05203
197 197 9.77543
197 198 -4.88384
197 199 0.0256294
198 2 0.00199344
198 11 0.321682
198 20 0.438623
198 29 -0.219296
198 36 0.0651697
198 37 -0.0329717
198 72 0.601386
198 73 -0.218076
198 140 -1.24161
198 141 -0.294527
198 146 -0.450641
198 147 -2.46776
198 196 1.61535
198 197 -4.88384
198 198 9.75542
198 199 -2.93816
199 2 0.0532646
199 11 -0.863372
199 20 -0.161333
199 29 0.0559169
199 36 -0.438809
199 37 -0.00898821
199 72 0.294575
199 73 0.552263
199 140 0.493862
199 141 -0.00655794
199 146 -2.29817
199 147 0.539223
199 196 -4.6115
199 197 0.0256294
199 198 -2.93816
199 199 9.37017
200 20 -0.0574391
200 29 -0.170661
200 70 -2.79714
200 71 1.10409
200 140 0.0677824
200 141 0.571373
200 142 0.820794
200 143 0.392063
200 200 11.5232
200 201 -5.85903
200 202 -0.465636
200 203 -3.39842
201 20 0.0449557
201 29 0.462039
201 70 0.752689
201 71 -0.41662
201 140 -0.166823
201 141 0.0267447
201 142 -2.9981
201 143 -0.821471
201 200 -5.85903
201 201 11.3646
201 202 -3.23615
201 203 2.36901
202 20 -0.0388556
202 29 -1.19596
202 70 0.477653
202 71 0.691678
202 140 0.265886
202 141 -0.301276
202 142 1.00913
202 143 -2.78331
202 200 -0.465636
202 201 -3.23615
202 202 10.6464
202 203 -5.44333
203 20 -0.0583501
203 29 0.431626
203 70 -1.07635
203 71 -2.5668
203 140 -0.427799
203 141 -1.36408
203 142 -0.402069
203 143 0.758399
203 200 -3.39842
203 201 2.36901
203 202 -5.44333
203 203 10.7381
204 12 0.420051
204 29 0.0207193
204 38 -3.29975
204 39 -0.568893
204 142 0.841387
204 143 -0.358716
204 144 -0.0708632
204 145 -0.0586646
204 204 11.2796
204 205 -6.07965
204 206 2.07807
204 207 -2.92983
205 12 -0.150561
205 29 0.00499471
205 38 0.905931
205 39 0.290971
205 142 -3.05777
205 143 0.969875
205 144 0.52406
205 145 -0.0358955
205 204 -6.07965
205 205 11.2627
205 206 -3.02663
205 207 -0.196447
206 12 0.383872
206 29 -0.191532
206 38 -0.350804
206 39 0.848611
206 142 -0.75799
206 143 -2.84989
206 144 -1.27164
206 145 -0.108661
206 204 2.07807
206 205 -3.02663
206 206 10.6275
206 207 -5.71873
207 12 -1.09587
207 29 0.0127405
207 38 0.91682
207 39 -3.10053
207 142 0.352333
207 143 0.784821
207 144 -0.00158636
207 145 0.00313514
207 204 -2.92983
207 205 -0.196447
207 206 -5.71873
207 207 10.6815
208 0 -0.786325
208 11 0.0997124
208 12 0.105822
208 29 -0.138261
208 34 -0.160589
208 35 -0.247497
208 40 0.474511
208 41 -2.63746
208 144 -0.0947662
208 145 0.452517
208 146 0.65168
208 147 0.193
208 208 9.57872
208 209 -2.71802
208 210 0.259679
208 211 -4.96592
209 0 0.289605
209 11 -0.0190105
209 12 -0.336222
209 29 0.379598
209 34 -0.0239405
209 35 0.0622891
209 40 -2.80122
209 41 -0.233832
209 144 -0.00566577
209 145 -1.15842
209 146 -0.175563
209 147 0.699109
209 208 -2.71802
209 209 9.9186
209 210 -5.21736
209 211 1.40158
210 0 -0.0984186
210 11 0.0926207
210 12 0.0549218
210 29 -1.08485
210 34 0.333013
210 35 0.00839937
210 40 0.762033
210 41 0.141354
210 144 -0.0919578
210 145 -0.109396
210 146 0.51088
210 147 -2.54164
210 208 0.259679
210 209 -5.21736
210 210 9.82525
210 211 -2.78828
211 0 0.261708
211 11 -0.377936
211 12 -0.0131298
211 29 0.395314
211 34 -0.810222
211 35 -0.26107
211 40 -0.170254
211 41 0.714322
211 144 0.0377338
211 145 -0.0626877
211 146 -2.37469
211 147 -0.39662
211 208 -4.96592
211 209 1.40158
211 210 -2.78828
211 211 9.47169
212 0 0.00200893
212 12 0.00200893
212 13 0.00200893
212 40 0.85279
212 41 -3.02846
212 42 -3.02846
212 43 0.85279
212 148 -3.02846
212 149 -3.02846
212 212 10.571
213 12 0.00200893
213 38 0.85279
213 39 -3.02846
213 150 -3.02846
213 151 0.85279
213 213 10.571
214 13 0.00200893
214 44 -3.02846
214 45 0.85279
214 152 -3.02846
214 153 0.85279
214 214 10.571
215 12 0.00200893
215 13 0.00200893
215 148 -3.02846
215 149 -3.02846
215 150 0.85279
215 151 -3.02846
215 152 0.85279
215 153 -3.02846
215 215 10.571
216 0 0.000669643
216 10 0.000669643
216 11 0.000669643
216 32 -1.51574
216 33 -1.00949
216 34 -1.00949
216 35 -1.51574
216 154 -1.00949
216 155 -1.00949
216 216 7.12366
217 1 0.000669643
217 10 0.000669643
217 15 0.000669643
217 30 -1.51574
217 31 -1.00949
217 52 -1.00949
217 53 -1.00949
217 156 -1.00949
217 157 -1.51574
217 217 7.12366
218 2 0.000669643
218 11 0.000669643
218 15 0.000669643
218 36 -1.00949
218 37 -1.51574
218 50 -1.00949
218 51 -1.00949
218 158 -1.00949
218 159 -1.51574
218 218 7.12366
219 10 0.000669643
219 11 0.000669643
219 15 0.000669643
219 154 -1.00949
219 155 -1.00949
219 156 -1.51574
219 157 -1.00949
219 158 -1.51574
219 159 -1.00949
219 219 7.12366
40.395
16.7943
28.6496
0
0
0
0
0
0
0
18.5794
25.8036
50.2867
74.4482
46.8976
24.9573
24.8879
31.2444
31.1631
43.434
34.7055
0
0
0
0
0
0
0
15.6305
23.1893
16.2123
17.9405
19.1014
20.8024
31.6526
29.9368
28.7779
27.0324
44.8683
47.0082
48.2501
50.2922
55.958
55.8797
55.8666
55.6055
44.7418
42.9418
41.7573
39.8479
18.6773
18.7242
18.7242
18.7523
20.9023
22.6818
23.8548
25.5953
23.4063
23.4381
23.4385
23.441
23.4063
23.3912
23.3917
23.3473
32.4288
32.5891
32.5928
32.6876
30.9628
32.8863
34.088
35.9771
0
0
0
0
0
0
0
0
0
0
0
0
0
0
0
0
0
0
0
0
0
0
0
0
0
0
0
0
55.875
56.2125
55.8715
56.0473
56.209
56.0473
28.1403
28.1579
28.1421
28.128
28.1602
28.1286
18.7125
18.75
18.7129
18.7246
18.7504
18.7246
27.9733
28.0718
27.9716
27.9329
28.0723
27.9352
37.0598
37.2473
37.0598
37.1723
37.2536
37.1786
18.7677
22.2795
18.7225
22.2681
28.1037
24.6145
28.145
24.6263
30.1892
33.6409
29.9327
33.5699
39.3456
35.9311
39.635
35.998
55.5643
55.9018
55.5373
55.5162
55.8748
55.5162
18.7125
18.675
18.7129
18.7246
18.6754
18.7246
168.061
167.534
168.546
168.145
84.4358
84.3619
84.4217
84.4323
56.1891
56.1164
56.2289
56.1891
84.1369
83.7045
84.028
83.9823
111.38
111.155
111.793
111.493
35.1764
29.9148
35.1878
40.4609
21.0977
26.3439
31.6548
26.392
35.0298
29.8287
35.1536
40.3805
49.2346
43.9364
38.6947
43.977
52.4821
47.0834
52.2768
57.7178
38.094
43.2078
48.6456
43.4832
51.6465
46.5975
52.0704
57.1759
66.3757
60.8629
55.7233
61.193
167.426
166.027
167.039
166.976
56.0391
56.1914
56.0789
56.1141
