3937
381 381
0 0 4.01915
0 31 0.128001
0 32 0.0993346
0 35 0.138911
0 36 0.354602
0 39 -0.0865537
0 97 0.0437243
0 102 -0.0354472
0 106 -1.29043
0 107 -0.803024
0 114 -0.963526
0 115 -1.4445
0 122 -0.348641
0 233 -0.0111725
0 301 -0.200558
0 304 -0.058333
0 321 0.200997
0 324 0.12871
0 325 -0.0150233
0 337 -0.00375511
0 357 0.715495
0 377 -0.534989
1 1 5.29361
1 30 0.0924565
1 41 0.249212
1 42 -0.0836381
1 45 0.249163
1 96 -0.192075
1 103 -1.3363
1 126 -1.00026
1 127 -0.557608
1 134 -0.999846
1 251 -0.0015605
1 263 -0.00149568
1 297 0.83415
1 300 0.908536
1 340 -0.00180585
1 353 -3.45087
2 2 3.54664
2 33 0.0782903
2 40 0.248431
2 47 0.248055
2 49 0.246794
2 51 0.091663
2 99 -0.0041183
2 110 -0.68174
2 123 -0.999569
2 138 -0.999542
2 142 -1.00052
2 146 -0.75013
2 260 -0.00288111
2 275 -0.00503444
2 287 -0.0082645
2 309 0.0589641
2 312 0.0270499
2 343 -0.00319129
2 365 -0.0784406
3 3 1
4 4 1
5 5 1
6 6 1
7 7 1
8 8 1
9 9 1
10 10 4.80135
10 30 0.10642
10 31 0.118032
10 82 -0.361871
10 92 0.248561
10 93 0.165409
10 96 0.0597769
10 97 -0.150677
10 104 -1.30059
10 105 -1.27566
10 207 -0.0499038
10 227 -1.00031
10 229 -0.666498
10 297 -0.253901
10 298 -0.122345
10 301 0.63049
10 302 0.725661
10 338 -0.00320023
10 341 -0.00221749
10 346 -0.00273497
10 354 0.975918
10 358 -2.63221
11 11 3.15607
11 32 0.0927196
11 33 0.0857207
11 88 -0.179335
11 92 0.2483
11 94 0.165018
11 99 -0.0405434
11 102 -0.01051
11 108 -0.747912
11 109 -0.734703
11 219 -0.03947
11 228 -0.999626
11 231 -0.666154
11 311 0.210757
11 312 0.155813
11 323 0.093907
11 324 0.044798
11 339 -0.00354401
11 344 -0.00325916
11 348 -0.00307874
11 368 -0.606851
11 380 -0.183949
12 12 4.27422
12 34 0.113985
12 35 0.126884
12 87 0.0532921
12 89 -0.149166
12 90 0.488395
12 101 -0.0518327
12 102 -0.00776349
12 112 -0.919513
12 113 -0.914078
12 217 -1.09561
12 221 0.559593
12 223 -1.99969
12 319 0.186393
12 320 0.27793
12 321 0.100909
12 322 0.0165503
12 326 -0.0182453
12 329 -0.0260355
12 334 -0.0205716
12 376 -0.787386
12 378 -0.13021
13 13 4.46041
13 36 0.354286
13 37 0.353547
13 66 0.132998
13 67 0.216
13 89 -0.146822
13 91 0.49191
13 116 -1.4437
13 117 -1.44544
13 175 -0.552414
13 177 -0.886652
13 222 0.553405
13 225 -2.00279
13 234 -0.0115255
13 237 -0.0133912
13 242 -0.0104787
13 327 -0.0151513
13 332 -0.0166605
13 336 -0.0174777
14 14 3.97087
14 38 -0.0509941
14 39 -0.0673933
14 66 0.135081
14 68 0.219125
14 83 0.08839
14 97 -0.113073
14 98 0.0202318
14 120 -0.325564
14 121 -0.352231
14 176 -0.557914
14 179 -0.889402
14 209 -1.57433
14 235 -0.00877533
14 240 -0.00505789
14 244 -0.00772849
14 303 0.410845
14 304 0.544945
14 305 0.0146211
14 306 -0.106475
14 360 -1.67591
14 362 0.335864
15 15 3.52035
15 40 0.248734
15 41 0.248995
15 73 0.16555
15 74 0.16568
15 93 0.165507
15 94 0.165377
15 124 -1.00037
15 125 -0.999683
15 190 -0.666641
15 192 -0.666297
15 230 -0.666755
15 232 -0.667099
15 262 -0.00248005
15 265 -0.00178215
15 267 -0.00198195
15 342 -0.00209233
15 345 -0.00279022
15 347 -0.00260231
16 16 4.29375
16 42 -0.0624753
16 43 -0.0452808
16 69 0.333095
16 71 0.110725
16 81 0.0283801
16 95 -0.117299
16 96 0.0513115
16 128 -0.462464
16 129 -0.405997
16 182 -1.3333
16 185 -0.444784
16 205 -1.43856
16 247 -0.000288786
16 252 -0.00102234
16 256 -0.000704806
16 293 0.563223
16 294 0.495307
16 299 -0.18924
16 300 -0.1195
16 350 -2.05135
16 356 0.796896
17 17 3.59715
17 44 0.249175
17 45 0.249203
17 70 0.165927
17 71 0.110383
17 72 0.249255
17 74 0.16593
17 132 -1.00002
17 133 -0.999953
17 184 -0.66614
17 186 -0.443882
17 188 -1.00031
17 191 -0.666956
17 250 -0.00156874
17 253 -0.00149041
17 255 -0.00113913
17 259 -0.00150117
17 264 -0.00144895
17 268 -0.00165626
18 18 3.60977
18 46 0.248718
18 47 0.24842
18 72 0.248995
18 73 0.165539
18 75 0.164755
18 77 0.109016
18 136 -0.999715
18 137 -1.00051
18 187 -0.999626
18 189 -0.666612
18 194 -0.667171
18 197 -0.445429
18 258 -0.00184494
18 261 -0.00249062
18 266 -0.00200003
18 271 -0.00348018
18 276 -0.00444871
18 280 -0.00444637
19 19 3.90453
19 48 0.245718
19 49 0.246332
19 76 0.330165
19 77 0.108186
19 78 0.328274
19 80 -0.00475874
19 140 -1.00087
19 141 -0.999308
19 196 -1.33279
19 198 -0.443237
19 200 -1.33482
19 203 -0.00064294
19 274 -0.00688773
19 277 -0.0055276
19 279 -0.00555901
19 283 -0.010658
19 288 -0.00889204
19 292 -0.0104429
20 20 3.58039
20 50 0.0697658
20 51 0.0811122
20 79 0.327232
20 80 -0.00545318
20 85 0.0117203
20 99 -0.0525911
20 100 0.00839674
20 144 -0.71912
20 145 -0.711177
20 202 -1.3339
20 204 0.0011905
20 213 -0.869476
20 286 -0.0134358
20 289 -0.00980876
20 291 -0.0113596
20 309 0.266608
20 310 0.222343
20 315 -0.0261365
20 316 0.0209676
20 366 -0.91456
20 372 0.115391
21 21 1
22 22 1
23 23 1
24 24 1
25 25 1
26 26 1
27 27 1
28 28 4.52665
28 81 0.0510493
28 82 -0.322187
28 83 0.0707617
28 84 -0.289189
28 95 0.0298704
28 96 -0.132616
28 97 0.0362424
28 98 -0.0991116
28 206 -1.49343
28 208 0.00275286
28 210 -1.49005
28 212 0.0734838
28 294 -0.136234
28 295 -0.0295236
28 298 0.611257
28 299 0.491842
28 302 -0.0537256
28 303 -0.145666
28 306 0.404451
28 307 0.490039
28 351 0.491572
28 355 -1.92889
28 359 0.558317
28 363 -1.70813
29 29 3.07424
29 85 0.0264816
29 86 -0.221995
29 87 0.0402919
29 88 -0.199982
29 99 -0.00179129
29 100 -0.0585263
29 101 0.00132279
29 102 -0.0454894
29 214 -0.967247
29 216 0.0391055
29 218 -0.990593
29 220 0.0455215
29 310 -0.000171123
29 311 0.0680519
29 314 0.293671
29 315 0.219111
29 318 0.0585639
29 319 -0.00617997
29 322 0.185059
29 323 0.24533
29 367 -0.0320284
29 371 -0.877715
29 375 -0.0023827
29 379 -0.792306
30 1 0.0924565
30 10 0.10642
30 30 5.09009
30 41 0.165735
30 42 0.0719652
30 82 -0.167597
30 93 0.248914
30 96 -0.359903
30 103 -1.33772
30 104 -1.29184
30 126 -0.00161144
30 127 -0.295945
30 207 0.713772
30 229 -0.00244879
30 297 -0.200228
30 298 0.798871
30 300 -0.166789
30 340 -0.66654
30 341 -1.00028
30 342 -0.00206107
30 353 1.17206
30 354 -2.96164
31 0 0.128001
31 10 0.118032
31 31 4.6166
31 32 0.248154
31 39 -0.138383
31 82 0.0507626
31 92 0.165029
31 97 -0.368899
31 105 -1.28815
31 106 -1.27588
31 107 -0.00406019
31 122 0.569632
31 207 -0.223623
31 227 -0.00293205
31 301 0.0711401
31 302 -0.0873501
31 304 0.674472
31 337 -1.00034
31 338 -0.666455
31 339 -0.00351738
31 357 -2.39764
31 358 0.830045
32 0 0.0993346
32 11 0.0927196
32 31 0.248154
32 32 3.17767
32 35 -0.0132879
32 88 -0.0377343
32 92 0.164899
32 102 -0.196439
32 106 -0.00388312
32 107 -0.782813
32 108 -0.768338
32 114 0.0523626
32 219 0.141154
32 228 -0.00345288
32 321 0.109986
32 323 0.2048
32 324 0.0204211
32 337 -0.999654
32 338 -0.00334032
32 339 -0.666111
32 377 -0.230402
32 380 -0.567014
33 2 0.0782903
33 11 0.0857207
33 33 3.14528
33 40 0.165084
33 51 -0.0440164
33 88 -0.00747178
33 94 0.248393
33 99 -0.162948
33 109 -0.714107
33 110 -0.702454
33 123 -0.00317394
33 146 0.173253
33 219 0.0364203
33 231 -0.00331339
33 309 0.219418
33 311 0.0769662
33 312 -0.102073
33 343 -0.666197
33 344 -0.999597
33 345 -0.00292567
33 365 -0.656411
33 368 -0.133606
34 12 0.113985
34 34 4.41518
34 87 -0.0016366
34 90 -0.152144
34 101 0.0611424
34 111 -0.903262
34 112 -0.893418
34 217 0.082701
34 223 -0.0238868
34 317 0.225144
34 319 -0.0104729
34 320 -1.18843
34 328 -1.99948
34 329 0.560366
34 330 -0.0264457
34 373 -0.949261
34 376 -0.0335881
35 0 0.138911
35 12 0.126884
35 32 -0.0132879
35 35 4.16172
35 36 -0.14661
35 87 -0.0429365
35 89 0.491161
35 102 0.0441283
35 107 0.117143
35 113 -0.939893
35 114 -0.938112
35 115 -0.0134501
35 217 0.236533
35 221 -0.0201062
35 321 -1.01078
35 322 0.154719
35 324 0.0414923
35 325 0.558819
35 326 -1.99991
35 327 -0.0155438
35 377 -0.217046
35 378 -0.650944
36 0 0.354602
36 13 0.354286
36 35 -0.14661
36 36 4.45198
36 39 0.133372
36 66 0.216586
36 89 0.492333
36 114 -0.0150437
36 115 -1.44434
36 116 -1.44497
36 122 -0.011127
36 175 -0.0118587
36 222 -0.0154187
36 233 -0.552758
36 234 -0.886437
36 235 -0.00955678
36 325 0.552631
36 326 -0.0171374
36 327 -2.003
37 13 0.353547
37 37 4.47646
37 67 0.132201
37 91 -0.147457
37 117 -1.44305
37 118 -1.44591
37 177 -0.0127703
37 225 -0.0161054
37 236 -0.886867
37 237 -0.55207
37 238 -0.0122469
37 331 -2.00257
37 332 0.554178
37 333 -0.0186643
38 14 -0.0509941
38 38 3.73092
38 68 0.136367
38 83 -0.093165
38 98 0.0860141
38 119 -0.328662
38 120 -0.346459
38 179 -0.00585348
38 209 0.458731
38 239 -0.889617
38 240 -0.55757
38 241 -0.00533005
38 305 -1.43877
38 306 0.335852
38 308 -0.0694193
38 361 0.191813
38 362 -1.38613
39 0 -0.0865537
39 14 -0.0673933
39 31 -0.138383
39 36 0.133372
39 39 4.28502
39 66 0.217627
39 83 0.0308262
39 97 0.0867679
39 106 0.65288
39 115 -0.0125435
39 121 -0.331175
39 122 -0.369714
39 176 -0.00769202
39 209 -0.0181882
39 233 -0.558258
39 234 -0.0109733
39 235 -0.889187
39 301 0.506806
39 303 -0.149436
39 304 -1.73264
39 357 -2.03865
39 360 0.507039
40 2 0.248431
40 15 0.248734
40 33 0.165084
40 40 3.52543
40 47 0.165257
40 73 0.165409
40 94 0.165235
40 110 -0.00341262
40 123 -1.00043
40 124 -0.999626
40 138 -0.00310244
40 190 -0.00228823
40 232 -0.00259841
40 260 -0.666669
40 261 -0.00254619
40 262 -0.666268
40 343 -0.667128
40 344 -0.00316654
40 345 -0.666727
41 1 0.249212
41 15 0.248995
41 30 0.165735
41 41 3.51606
41 45 0.165908
41 74 0.1658
41 93 0.165626
41 103 -0.00167306
41 125 -1.00031
41 126 -0.99974
41 134 -0.00136288
41 192 -0.00194446
41 230 -0.00225464
41 263 -0.666326
41 264 -0.00150452
41 265 -0.666612
41 340 -0.666784
41 341 -0.00212488
41 342 -0.66707
42 1 -0.0836381
42 16 -0.0624753
42 30 0.0719652
42 42 4.83682
42 45 0.110351
42 71 0.332786
42 81 -0.148049
42 96 0.0152736
42 103 -0.189567
42 127 -0.549674
42 128 -0.458695
42 134 -0.00187693
42 185 -0.000794432
42 205 0.704724
42 251 -0.444913
42 252 -1.33326
42 253 -0.00141401
42 297 -0.259605
42 299 0.632747
42 300 -1.67004
42 353 1.11811
42 356 -2.61741
43 16 -0.0452808
43 43 3.92225
43 69 0.110969
43 81 0.0362262
43 95 0.0327168
43 129 -0.415809
43 130 -0.38021
43 182 -0.000428162
43 205 -0.0694175
43 245 -1.33335
43 246 -0.000256023
43 247 -0.444655
43 293 -1.25889
43 294 -0.135447
43 296 0.396643
43 349 -1.64417
43 350 0.561624
44 17 0.249175
44 44 3.59823
44 46 0.249196
44 70 0.110334
44 72 0.165897
44 131 -1.00011
44 132 -0.99986
44 135 -0.00166668
44 184 -0.00152058
44 188 -0.00146907
44 248 -0.666183
44 249 -0.00127108
44 250 -0.443817
44 257 -1.00034
44 258 -0.00174422
44 259 -0.666913
45 1 0.249163
45 17 0.249203
45 41 0.165908
45 42 0.110351
45 45 3.5973
45 71 0.165935
45 74 0.249261
45 126 -0.00153735
45 127 -0.00162301
45 133 -0.999933
45 134 -1.00005
45 186 -0.00148324
45 191 -0.00144417
45 251 -0.443946
45 252 -0.00116995
45 253 -0.666097
45 263 -0.666999
45 264 -1.00028
45 265 -0.0016768
46 18 0.248718
46 44 0.249196
46 46 3.60499
46 72 0.165767
46 75 0.109358
46 131 -0.00148961
46 135 -0.999802
46 136 -1.00042
46 187 -0.0019899
46 194 -0.00369762
46 257 -0.999654
46 258 -0.666569
46 259 -0.00156716
46 269 -0.667214
46 270 -0.00379707
46 271 -0.445364
47 2 0.248055
47 18 0.24842
47 40 0.165257
47 47 3.61577
47 49 0.108593
47 73 0.24874
47 77 0.164373
47 123 -0.00309985
47 137 -0.999628
47 138 -1.0006
47 142 -0.00536255
47 189 -0.00230877
47 197 -0.00417593
47 260 -0.666655
47 261 -0.999597
47 262 -0.00254141
47 275 -0.445493
47 276 -0.667128
47 277 -0.00525844
48 19 0.245718
48 48 3.91665
48 76 0.107649
48 78 -0.00545318
48 139 -1.00105
48 140 -0.999082
48 196 -0.00649592
48 200 -0.0101444
48 272 -1.33283
48 273 -0.00667273
48 274 -0.443108
48 281 -1.33482
48 282 -0.0118503
48 283 -0.000413759
49 2 0.246794
49 19 0.246332
49 47 0.108593
49 49 3.89514
49 51 -0.0042379
49 77 0.330637
49 80 0.328882
49 138 -0.00481969
49 141 -1.0007
49 142 -0.999534
49 146 -0.00798694
49 198 -0.00583088
49 203 -0.00928764
49 275 -0.443366
49 276 -0.00470571
49 277 -1.33274
49 287 -0.00087212
49 288 -1.33482
49 289 -0.00938273
50 20 0.0697658
50 50 3.73252
50 79 -0.00684207
50 85 -0.0632076
50 100 0.0188302
50 143 -0.714277
50 144 -0.699497
50 202 -0.01245
50 213 0.316464
50 284 -1.3339
50 285 -0.0141559
50 286 0.00141968
50 313 -0.0576786
50 315 0.265519
50 316 -0.975482
50 369 0.237057
50 372 -1.10023
51 2 0.091663
51 20 0.0811122
51 33 -0.0440164
51 49 -0.0042379
51 51 3.46735
51 80 0.328534
51 85 0.00171054
51 99 0.00270885
51 110 0.225816
51 142 -0.00751477
51 145 -0.731759
51 146 -0.72894
51 204 -0.0106765
51 213 0.0414437
51 287 0.000961323
51 288 -0.00891056
51 289 -1.3339
51 309 -0.775668
51 310 0.00181362
51 312 0.188512
51 365 -0.765429
51 366 0.0117248
52 52 1
53 53 1
54 54 1
55 55 1
56 56 1
57 57 1
58 58 1
59 59 1
60 60 1
61 61 1
62 62 1
63 63 1
64 64 1
65 65 1
66 13 0.132998
66 14 0.135081
66 36 0.216586
66 39 0.217627
66 66 3.5859
66 67 0.217172
66 68 0.218213
66 116 -0.0131191
66 121 -0.00753589
66 175 -0.558602
66 176 -0.553101
66 177 -0.0120722
66 179 -0.00648905
66 233 -0.0107974
66 234 -0.891293
66 235 -0.888543
66 242 -0.889746
66 243 -0.00870372
66 244 -0.886996
67 13 0.216
67 37 0.132201
67 66 0.217172
67 67 3.59791
67 68 0.134544
67 117 -0.0145409
67 175 -0.0116086
67 177 -0.891078
67 178 -0.887211
67 180 -0.00773645
67 236 -0.0140175
67 237 -0.558945
67 238 -0.890305
67 242 -0.887984
67 243 -0.552758
67 244 -0.00825987
68 14 0.219125
68 38 0.136367
68 66 0.218213
68 67 0.134544
68 68 3.56041
68 120 -0.0047911
68 176 -0.00744196
68 178 -0.00915295
68 179 -0.888328
68 180 -0.889961
68 239 -0.00426768
68 240 -0.553445
68 241 -0.887554
68 242 -0.00967637
68 243 -0.558258
68 244 -0.890734
69 16 0.333095
69 43 0.110969
69 69 3.67101
69 70 0.110725
69 71 0.166293
69 129 -0.00030703
69 181 -1.33341
69 182 -1.33337
69 183 -0.000772294
69 185 -0.000719761
69 245 -0.00014476
69 246 -0.666441
69 247 -0.444204
69 254 -0.444848
69 255 -0.000988051
69 256 -0.667042
70 17 0.165927
70 44 0.110334
70 69 0.110725
70 70 3.67672
70 71 0.332802
70 132 -0.00184091
70 181 -0.000561433
70 183 -0.666312
70 184 -0.667171
70 186 -0.00139815
70 248 -0.00158153
70 249 -1.33347
70 250 -0.445042
70 254 -0.44401
70 255 -1.3333
70 256 -0.000767322
71 16 0.110725
71 17 0.110383
71 42 0.332786
71 45 0.165935
71 69 0.166293
71 70 0.332802
71 71 3.67628
71 128 -0.00083481
71 133 -0.00177754
71 182 -0.000527145
71 184 -0.00141639
71 185 -0.444075
71 186 -0.444977
71 251 -0.00145109
71 252 -1.33341
71 253 -0.667214
71 254 -0.000782276
71 255 -1.33337
71 256 -0.666269
72 17 0.249255
72 18 0.248995
72 44 0.165897
72 46 0.165767
72 72 3.51566
72 73 0.16568
72 74 0.165811
72 132 -0.00133886
72 136 -0.00203676
72 187 -1.00037
72 188 -0.999683
72 189 -0.00219185
72 191 -0.00149395
72 257 -0.00161621
72 258 -0.666755
72 259 -0.666412
72 266 -0.666985
72 267 -0.00192639
72 268 -0.666641
73 15 0.16555
73 18 0.165539
73 40 0.165409
73 47 0.24874
73 72 0.16568
73 73 3.52006
73 74 0.249022
73 124 -0.00249221
73 137 -0.00251535
73 187 -0.00202695
73 189 -0.666712
73 190 -0.666684
73 192 -0.00199192
73 260 -0.00274798
73 261 -1.0004
73 262 -0.667056
73 266 -0.66634
73 267 -0.999654
73 268 -0.00175929
74 15 0.16568
74 17 0.16593
74 41 0.1658
74 45 0.249261
74 72 0.165811
74 73 0.249022
74 74 3.51537
74 125 -0.00197138
74 133 -0.00129662
74 188 -0.00150611
74 190 -0.00216899
74 191 -0.666369
74 192 -0.667027
74 263 -0.00152925
74 264 -0.999712
74 265 -0.666712
74 266 -0.00193636
74 267 -1.00034
74 268 -0.666684
75 18 0.164755
75 46 0.109358
75 75 3.70485
75 76 0.108577
75 77 0.331044
75 136 -0.00322117
75 193 -0.667343
75 194 -0.66614
75 195 -0.00543117
75 197 -0.0041742
75 269 -0.00331074
75 270 -1.33296
75 271 -0.443495
75 278 -0.445557
75 279 -0.00528811
75 280 -1.33382
76 19 0.330165
76 48 0.107649
76 75 0.108577
76 76 3.72023
76 77 0.163949
76 140 -0.00717157
76 193 -0.00484525
76 195 -1.33289
76 196 -1.33388
76 198 -0.00583956
76 272 -0.00735825
76 273 -0.667472
76 274 -0.445751
76 278 -0.443301
76 279 -0.666011
76 280 -0.00471206
77 18 0.109016
77 19 0.108186
77 47 0.164373
77 49 0.330637
77 75 0.331044
77 76 0.163949
77 77 3.71144
77 137 -0.00393905
77 141 -0.00613685
77 194 -0.00392685
77 196 -0.00617814
77 197 -0.44343
77 198 -0.445622
77 275 -0.0050084
77 276 -0.666183
77 277 -1.33393
77 278 -0.00503747
77 279 -0.6673
77 280 -1.33285
78 19 0.328274
78 48 -0.00545318
78 78 4.10174
78 79 -0.00597401
78 80 0.328014
78 140 -0.00990828
78 199 -1.33505
78 200 -1.33184
78 201 -0.01301
78 203 -0.0096581
78 281 -0.0116142
78 282 -1.33436
78 283 0.000502962
78 290 -0.00087212
78 291 -0.0113041
78 292 -1.33253
79 20 0.327232
79 50 -0.00684207
79 78 -0.00597401
79 79 4.11424
79 80 0.327666
79 144 -0.0131582
79 199 -0.0125379
79 201 -1.33413
79 202 -1.33276
79 204 -0.011047
79 284 -0.0148642
79 285 -1.33528
79 286 -0.00133048
79 290 0.000961323
79 291 -1.33161
79 292 -0.0108319
80 19 -0.00475874
80 20 -0.00545318
80 49 0.328882
80 51 0.328534
80 78 0.328014
80 79 0.327666
80 80 4.09081
80 141 -0.00853791
80 145 -0.010399
80 200 -0.0100888
80 202 -0.0119498
80 203 0.000732143
80 204 -0.0011013
80 287 -0.00859791
80 288 -1.33184
80 289 -1.33276
80 290 -0.0116997
80 291 -1.33505
80 292 -1.33413
81 16 0.0283801
81 28 0.0510493
81 42 -0.148049
81 43 0.0362262
81 81 4.74973
81 82 0.0428701
81 84 -0.106885
81 95 -0.278176
81 96 -0.314453
81 128 0.553231
81 129 -0.156606
81 205 -1.47427
81 206 -1.45602
81 208 -0.164761
81 212 0.443609
81 293 -0.05631
81 294 -0.0192448
81 295 0.520416
81 298 -0.0833475
81 299 -0.108287
81 300 0.66578
81 350 0.59365
81 351 -1.85361
81 355 0.663598
81 356 -2.12328
82 10 -0.361871
82 28 -0.322187
82 30 -0.167597
82 31 0.0507626
82 81 0.0428701
82 82 5.29067
82 83 -0.121445
82 96 0.0434408
82 97 0.066717
82 104 0.756019
82 105 -0.10147
82 206 -0.0698371
82 207 -0.0743233
82 208 0.0322095
82 210 0.592096
82 297 0.623041
82 298 -1.68868
82 299 -0.188014
82 301 -0.198053
82 302 -1.6658
82 303 0.501279
82 354 -2.40736
82 355 0.702189
82 358 0.784855
82 359 -2.10478
83 14 0.08839
83 28 0.0707617
83 38 -0.093165
83 39 0.0308262
83 82 -0.121445
83 83 4.39011
83 84 0.0246509
83 97 -0.332965
83 98 -0.302194
83 120 0.37391
83 121 -0.130203
83 208 0.446094
83 209 -1.53527
83 210 -1.52851
83 212 -0.119936
83 302 0.572735
83 303 0.0972802
83 304 -0.0284054
83 305 0.468204
83 306 0.15524
83 307 -0.00621769
83 359 -1.78508
83 360 0.471692
83 362 -1.5982
83 363 0.407434
84 28 -0.289189
84 81 -0.106885
84 83 0.0246509
84 84 3.9677
84 95 0.0522643
84 98 0.0698632
84 206 0.502559
84 210 -0.016242
84 211 0.0870535
84 212 0.0407178
84 294 0.395362
84 295 -1.33494
84 296 -0.0937303
84 306 -0.102276
84 307 -1.34337
84 308 0.329927
84 351 -1.56755
84 352 0.322949
84 363 0.377321
84 364 -1.40052
85 20 0.0117203
85 29 0.0264816
85 50 -0.0632076
85 51 0.00171054
85 85 3.07023
85 86 0.0046357
85 88 -0.0486484
85 99 -0.183616
85 100 -0.205823
85 144 0.240913
85 145 -0.010259
85 213 -0.908612
85 214 -0.927922
85 216 -0.015463
85 220 0.201917
85 309 0.0500282
85 310 -0.0202943
85 311 0.25415
85 314 0.0405319
85 315 -0.0294182
85 316 0.306906
85 366 0.0247692
85 367 -0.846223
85 371 0.05307
85 372 -0.941654
86 29 -0.221995
86 85 0.0046357
86 86 3.31681
86 87 -0.0548129
86 100 0.0340378
86 101 0.048074
86 214 0.0488127
86 215 0.0632688
86 216 0.0794114
86 218 0.289423
86 313 0.263415
86 314 -1.06713
86 315 -0.0284154
86 317 -0.0354049
86 318 -1.08754
86 319 0.222251
86 370 -1.05818
86 371 0.0705044
86 374 0.106891
86 375 -0.953908
87 12 0.0532921
87 29 0.0402919
87 34 -0.0016366
87 35 -0.0429365
87 86 -0.0548129
87 87 3.10471
87 88 -0.00492583
87 101 -0.239122
87 102 -0.217156
87 112 0.00201171
87 113 0.170968
87 216 0.201241
87 217 -1.05641
87 218 -1.02993
87 220 0.00868134
87 318 0.284312
87 319 0.103685
87 320 0.0754058
87 321 0.239333
87 322 0.108089
87 323 0.0849377
87 375 -0.827302
87 376 -0.0525214
87 378 -0.749549
87 379 -0.083305
88 11 -0.179335
88 29 -0.199982
88 32 -0.0377343
88 33 -0.00747178
88 85 -0.0486484
88 87 -0.00492583
88 88 2.89076
88 99 0.0172935
88 102 0.0310663
88 108 0.208146
88 109 0.084855
88 214 0.24856
88 218 0.0773684
88 219 0.00287762
88 220 0.004018
88 310 0.183938
88 311 -0.877678
88 312 0.0254602
88 322 0.0203704
88 323 -0.902841
88 324 0.154987
88 367 -0.729671
88 368 -0.122331
88 379 -0.0983882
88 380 -0.658244
89 12 -0.149166
89 13 -0.146822
89 35 0.491161
89 36 0.492333
89 89 5.32657
89 90 0.489859
89 91 0.491031
89 113 -0.0202372
89 116 -0.0139562
89 221 0.551858
89 222 0.558046
89 223 -0.0225636
89 225 -0.0162825
89 325 -0.0155235
89 326 -2.00012
89 327 -1.99703
89 334 -2.00356
89 335 -0.0201761
89 336 -2.00047
90 12 0.488395
90 34 -0.152144
90 89 0.489859
90 90 5.37491
90 91 -0.149215
90 112 -0.0262771
90 221 -0.0206619
90 223 -2.00034
90 224 -2.00025
90 226 -0.0209848
90 328 -0.0288361
90 329 0.551084
90 330 -2.00412
90 334 -1.99647
90 335 0.558819
90 336 -0.0184258
91 13 0.49191
91 37 -0.147457
91 89 0.491031
91 90 -0.149215
91 91 5.33272
91 117 -0.0153086
91 222 -0.0159744
91 224 -0.0225783
91 225 -1.99724
91 226 -2.00334
91 331 -0.0178675
91 332 0.557272
91 333 -2.00102
91 334 -0.0200194
91 335 0.552631
91 336 -1.99956
92 10 0.248561
92 11 0.2483
92 31 0.165029
92 32 0.164899
92 92 3.52816
92 93 0.16529
92 94 0.16516
92 105 -0.00303793
92 108 -0.00373582
92 227 -0.999683
92 228 -1.00037
92 229 -0.00257266
92 231 -0.00327056
92 337 -0.00362545
92 338 -0.66687
92 339 -0.667214
92 346 -0.666182
92 347 -0.00269492
92 348 -0.666526
93 10 0.165409
93 15 0.165507
93 30 0.248914
93 41 0.165626
93 92 0.16529
93 93 3.52162
93 94 0.248675
93 104 -0.00230124
93 125 -0.00204547
93 227 -0.00282091
93 229 -0.666827
93 230 -0.666569
93 232 -0.00255326
93 340 -0.00191352
93 341 -0.999712
93 342 -0.666254
93 346 -0.667142
93 347 -1.00034
93 348 -0.00294098
94 11 0.165018
94 15 0.165377
94 33 0.248393
94 40 0.165235
94 92 0.16516
94 93 0.248675
94 94 3.52631
94 109 -0.00351997
94 124 -0.0025663
94 228 -0.00334174
94 230 -0.00237619
94 231 -0.667171
94 232 -0.666225
94 343 -0.00313225
94 344 -1.0004
94 345 -0.666598
94 346 -0.00276391
94 347 -0.999654
94 348 -0.666798
95 16 -0.117299
95 28 0.0298704
95 43 0.0327168
95 81 -0.278176
95 84 0.0522643
95 95 4.09322
95 129 0.438602
95 130 -0.109599
95 205 0.538148
95 206 -0.0408086
95 211 0.359136
95 212 -0.117145
95 293 -1.29701
95 294 -0.0501936
95 295 -1.29574
95 296 0.00719444
95 349 0.40503
95 350 -1.70295
95 351 0.460651
95 352 -1.50525
96 1 -0.192075
96 10 0.0597769
96 16 0.0513115
96 28 -0.132616
96 30 -0.359903
96 42 0.0152736
96 81 -0.314453
96 82 0.0434408
96 96 5.67902
96 103 0.84386
96 104 -0.139717
96 127 0.716368
96 128 -0.216088
96 205 -0.103006
96 206 0.638274
96 207 -0.224223
96 208 0.556735
96 297 -0.219962
96 298 -1.65405
96 299 -0.0816873
96 300 -1.70179
96 353 -2.7032
96 354 0.927131
96 355 -2.31764
96 356 0.838059
97 0 0.0437243
97 10 -0.150677
97 14 -0.113073
97 28 0.0362424
97 31 -0.368899
97 39 0.0867679
97 82 0.066717
97 83 -0.332965
97 97 5.04186
97 105 0.695761
97 106 -0.0703296
97 121 0.459202
97 122 -0.177713
97 207 0.556485
97 208 -0.166547
97 209 0.559109
97 210 -0.0421599
97 301 0.0433994
97 302 -1.70216
97 303 0.128879
97 304 -1.69526
97 357 0.672916
97 358 -2.19572
97 359 0.595047
97 360 -1.94772
98 14 0.0202318
98 28 -0.0991116
98 38 0.0860141
98 83 -0.302194
98 84 0.0698632
98 98 3.90013
98 119 0.306663
98 120 -0.0898404
98 209 0.0055132
98 210 0.477088
98 211 -0.0805858
98 212 0.362099
98 305 -1.39855
98 306 0.121051
98 307 -1.38323
98 308 0.15941
98 361 -1.32009
98 362 0.306345
98 363 -1.46508
98 364 0.252971
99 2 -0.0041183
99 11 -0.0405434
99 20 -0.0525911
99 29 -0.00179129
99 33 -0.162948
99 51 0.00270885
99 85 -0.183616
99 88 0.0172935
99 99 2.87431
99 109 0.215444
99 110 0.0673312
99 145 0.203053
99 146 0.01597
99 213 0.258982
99 214 0.0600291
99 219 0.170249
99 220 0.0116666
99 309 -0.815712
99 310 -0.0609487
99 311 -0.837509
99 312 -0.0604245
99 365 -0.0683807
99 366 -0.784713
99 367 -0.0461465
99 368 -0.705803
100 20 0.00839674
100 29 -0.0585263
100 50 0.0188302
100 85 -0.205823
100 86 0.0340378
100 100 3.33409
100 143 0.289466
100 144 -0.0395055
100 213 0.0299402
100 214 0.300691
100 215 -0.0456555
100 216 0.241661
100 313 -0.010602
100 314 -1.02883
100 315 0.0098542
100 316 -1.0135
100 369 -1.13625
100 370 0.167556
100 371 -1.01803
100 372 0.131974
101 12 -0.0518327
101 29 0.00132279
101 34 0.0611424
101 86 0.048074
101 87 -0.239122
101 101 3.33223
101 111 -0.0265089
101 112 0.206217
101 215 0.242394
101 216 -0.0188511
101 217 0.281577
101 218 0.0663008
101 317 0.13204
101 318 -1.1259
101 319 0.144969
101 320 -1.15018
101 373 0.0528848
101 374 -0.997229
101 375 0.0158277
101 376 -0.903465
102 0 -0.0354472
102 11 -0.01051
102 12 -0.00776349
102 29 -0.0454894
102 32 -0.196439
102 35 0.0441283
102 87 -0.217156
102 88 0.0310663
102 102 2.92967
102 107 0.20328
102 108 0.1014
102 113 0.0281514
102 114 0.142095
102 217 0.0937165
102 218 0.241306
102 219 0.0339021
102 220 0.16806
102 321 -0.970808
102 322 0.0657775
102 323 -0.942979
102 324 0.0634274
102 377 -0.620207
102 378 -0.146176
102 379 -0.685865
102 380 -0.171584
103 1 -1.3363
103 30 -1.33772
103 41 -0.00167306
103 42 -0.189567
103 96 0.84386
103 103 7.45429
103 126 -0.660098
103 127 1.25607
103 297 -3.14526
103 300 -0.266559
103 340 -0.993042
103 353 -1.58931
104 10 -1.30059
104 30 -1.29184
104 82 0.756019
104 93 -0.00230124
104 96 -0.139717
104 104 6.86105
104 207 -2.75773
104 229 -0.9905
104 297 1.03685
104 298 -0.28993
104 341 -0.657629
104 354 -1.17318
105 10 -1.27566
105 31 -1.28815
105 82 -0.10147
105 92 -0.00303793
105 97 0.695761
105 105 6.47408
105 207 0.877264
105 227 -0.654727
105 301 -2.48769
105 302 -0.313608
105 338 -0.987524
105 358 -0.864826
106 0 -1.29043
106 31 -1.27588
106 32 -0.00388312
106 39 0.65288
106 97 -0.0703296
106 106 6.21496
106 107 -0.984113
106 122 -2.29077
106 301 0.753862
106 304 -0.337666
106 337 -0.65139
106 357 -0.622425
107 0 -0.803024
107 31 -0.00406019
107 32 -0.782813
107 35 0.117143
107 102 0.20328
107 106 -0.984113
107 107 4.36244
107 114 -0.248513
107 321 -0.192274
107 324 -0.554217
107 337 -0.651036
107 377 -0.322728
108 11 -0.747912
108 32 -0.768338
108 88 0.208146
108 92 -0.00373582
108 102 0.1014
108 108 4.35292
108 219 -0.590457
108 228 -0.652289
108 323 -0.168005
108 324 -0.203274
108 339 -0.98544
108 380 -0.418832
109 11 -0.734703
109 33 -0.714107
109 88 0.084855
109 94 -0.00351997
109 99 0.215444
109 109 4.35952
109 219 -0.154391
109 231 -0.986333
109 311 -0.14416
109 312 -0.635542
109 344 -0.653108
109 368 -0.521406
110 2 -0.68174
110 33 -0.702454
110 40 -0.00341262
110 51 0.225816
110 99 0.0673312
110 110 4.38532
110 123 -0.653494
110 146 -0.691727
110 309 -0.120677
110 312 -0.10102
110 343 -0.986792
110 365 -0.632387
111 34 -0.903262
111 101 -0.0265089
111 111 6.89605
111 317 0.218318
111 320 0.0330037
111 328 0.682632
111 373 -2.64826
112 12 -0.919513
112 34 -0.893418
112 87 0.00201171
112 90 -0.0262771
112 101 0.206217
112 112 6.60399
112 217 -0.0714417
112 223 0.655883
112 319 0.199804
112 320 -0.877546
112 329 -1.89537
112 376 -2.44527
113 12 -0.914078
113 35 -0.939893
113 87 0.170968
113 89 -0.0202372
113 102 0.0281514
113 113 6.36202
113 217 -0.727259
113 221 -1.91931
113 321 -0.164554
113 322 0.181418
113 326 0.632521
113 378 -2.26604
114 0 -0.963526
114 32 0.0523626
114 35 -0.938112
114 36 -0.0150437
114 102 0.142095
114 107 -0.248513
114 114 6.16216
114 115 0.612543
114 321 -0.600133
114 324 0.163006
114 325 -1.93987
114 377 -2.10556
115 0 -1.4445
115 35 -0.0134501
115 36 -1.44434
115 39 -0.0125435
115 114 0.612543
115 115 5.9859
115 122 -0.508214
115 233 -0.841457
115 325 -1.94305
116 13 -1.4437
116 36 -1.44497
116 66 -0.0131191
116 89 -0.0139562
116 116 5.99434
116 175 -0.838933
116 222 -1.94125
116 234 -0.506266
116 327 0.613771
117 13 -1.44544
117 37 -1.44305
117 67 -0.0145409
117 91 -0.0153086
117 117 6.01632
117 177 -0.500933
117 225 0.618383
117 237 -0.833025
117 332 -1.93606
118 37 -1.44591
118 118 6.05184
118 236 -0.492214
118 331 0.626382
119 38 -0.328662
119 98 0.306663
119 119 5.71916
119 239 -0.542214
119 305 -1.28081
119 308 0.264746
119 361 -2.9411
120 14 -0.325564
120 38 -0.346459
120 68 -0.0047911
120 83 0.37391
120 98 -0.0898404
120 120 6.08782
120 179 -0.534266
120 209 -1.54553
120 240 -0.869191
120 305 0.281176
120 306 0.28585
120 362 -3.21839
121 14 -0.352231
121 39 -0.331175
121 66 -0.00753589
121 83 -0.130203
121 97 0.459202
121 121 6.55992
121 176 -0.858433
121 209 0.442276
121 235 -0.522933
121 303 0.306648
121 304 -1.87415
121 360 -3.54649
122 0 -0.348641
122 31 0.569632
122 36 -0.011127
122 39 -0.369714
122 97 -0.177713
122 106 -2.29077
122 115 -0.508214
122 122 7.16996
122 233 -0.84429
122 301 0.327269
122 304 0.636759
122 357 -3.94468
123 2 -0.999569
123 33 -0.00317394
123 40 -1.00043
123 47 -0.00309985
123 110 -0.653494
123 123 4.71687
123 138 -0.654262
123 260 -0.654705
123 343 -0.653936
124 15 -1.00037
124 40 -0.999626
124 73 -0.00249221
124 94 -0.0025663
124 124 4.70715
124 190 -0.657106
124 232 -0.656337
124 262 -0.656722
124 345 -0.655954
125 15 -0.999683
125 41 -1.00031
125 74 -0.00197138
125 93 -0.00204547
125 125 4.69882
125 192 -0.658835
125 230 -0.658066
125 265 -0.65916
125 342 -0.658391
126 1 -1.00026
126 30 -0.00161144
126 41 -0.99974
126 45 -0.00153735
126 103 -0.660098
126 126 4.69187
126 134 -0.660866
126 263 -0.660601
126 340 -0.659832
127 1 -0.557608
127 30 -0.295945
127 42 -0.549674
127 45 -0.00162301
127 96 0.716368
127 103 1.25607
127 127 8.08893
127 134 -0.437445
127 251 -1.32697
127 297 0.263263
127 300 -2.93201
127 353 -4.19272
128 16 -0.462464
128 42 -0.458695
128 71 -0.00083481
128 81 0.553231
128 96 -0.216088
128 128 7.02052
128 185 -1.33007
128 205 -2.26884
128 252 -0.44073
128 299 0.242366
128 300 0.895068
128 356 -3.51695
129 16 -0.405997
129 43 -0.415809
129 69 -0.00030703
129 81 -0.156606
129 95 0.438602
129 129 6.29311
129 182 -0.442974
129 205 0.636188
129 247 -1.33214
129 293 -1.80236
129 294 0.221048
129 350 -3.02638
130 43 -0.38021
130 95 -0.109599
130 130 5.7764
130 245 -0.444176
130 293 0.439264
130 296 0.199409
130 349 -2.64975
131 44 -1.00011
131 46 -0.00148961
131 131 4.80612
131 135 -0.993687
131 248 -0.436883
131 257 -0.660492
132 17 -1.00002
132 44 -0.99986
132 70 -0.00184091
132 72 -0.00133886
132 132 4.80311
132 184 -0.437721
132 188 -0.661051
132 250 -0.659847
132 259 -0.99432
133 17 -0.999953
133 45 -0.999933
133 71 -0.00177754
133 74 -0.00129662
133 133 4.80227
133 186 -0.660145
133 191 -0.994518
133 253 -0.437909
133 264 -0.661176
134 1 -0.999846
134 41 -0.00136288
134 42 -0.00187693
134 45 -1.00005
134 126 -0.660866
134 127 -0.437445
134 134 4.8036
134 251 -0.659792
134 263 -0.994283
135 44 -0.00166668
135 46 -0.999802
135 131 -0.993687
135 135 4.81262
135 257 -0.660138
135 269 -0.432894
136 18 -0.999715
136 46 -1.00042
136 72 -0.00203676
136 75 -0.00322117
136 136 4.82003
136 187 -0.658613
136 194 -0.430607
136 258 -0.992237
136 271 -0.653264
137 18 -1.00051
137 47 -0.999628
137 73 -0.00251535
137 77 -0.00393905
137 137 4.82961
137 189 -0.990352
137 197 -0.650437
137 261 -0.656655
137 276 -0.427669
138 2 -0.999542
138 40 -0.00310244
138 47 -1.0006
138 49 -0.00481969
138 123 -0.654262
138 138 4.84136
138 142 -0.42408
138 260 -0.988033
138 275 -0.646958
139 48 -1.00105
139 139 5.2718
139 272 -0.412062
139 281 0.0467395
140 19 -1.00087
140 48 -0.999082
140 76 -0.00717157
140 78 -0.00990828
140 140 5.24776
140 196 -0.417109
140 200 0.0401053
140 274 -1.30521
140 283 -1.2922
141 19 -0.999308
141 49 -1.0007
141 77 -0.00613685
141 80 -0.00853791
141 141 5.22858
141 198 -1.3094
141 203 -1.29768
141 277 -0.421116
141 288 0.0348599
142 2 -1.00052
142 47 -0.00536255
142 49 -0.999534
142 51 -0.00751477
142 138 -0.42408
142 142 5.21426
142 146 0.0310034
142 275 -1.31254
142 287 -1.30177
143 50 -0.714277
143 100 0.289466
143 143 5.8084
143 284 0.0634062
143 313 0.162162
143 316 -1.19268
143 369 -2.32035
144 20 -0.71912
144 50 -0.699497
144 79 -0.0131582
144 85 0.240913
144 100 -0.0395055
144 144 5.49643
144 202 0.0512164
144 213 -0.987669
144 286 -1.28015
144 315 0.141678
144 316 0.157507
144 372 -2.07367
145 20 -0.711177
145 51 -0.731759
145 80 -0.010399
145 85 -0.010259
145 99 0.203053
145 145 5.2548
145 204 -1.29118
145 213 0.0485067
145 289 0.0404155
145 309 -0.824153
145 310 0.121415
145 366 -1.86535
146 2 -0.75013
146 33 0.173253
146 49 -0.00798694
146 51 -0.72894
146 99 0.01597
146 110 -0.691727
146 142 0.0310034
146 146 5.06648
146 287 -1.30083
146 309 -0.0457128
146 312 0.101274
146 365 -1.68559
147 147 1
148 148 1
149 149 1
150 150 1
151 151 1
152 152 1
153 153 1
154 154 1
155 155 1
156 156 1
157 157 1
158 158 1
159 159 1
160 160 1
161 161 1
162 162 1
163 163 1
164 164 1
165 165 1
166 166 1
167 167 1
168 168 1
169 169 1
170 170 1
171 171 1
172 172 1
173 173 1
174 174 1
175 13 -0.552414
175 36 -0.0118587
175 66 -0.558602
175 67 -0.0116086
175 116 -0.838933
175 175 4.85445
175 177 -0.841527
175 234 -0.842121
175 242 -0.844714
176 14 -0.557914
176 39 -0.00769202
176 66 -0.553101
176 68 -0.00744196
176 121 -0.858433
176 176 4.78778
176 179 -0.861027
176 235 -0.855954
176 244 -0.858548
177 13 -0.886652
177 37 -0.0127703
177 66 -0.0120722
177 67 -0.891078
177 117 -0.500933
177 175 -0.841527
177 177 4.86552
177 237 -0.836566
177 242 -0.510454
178 67 -0.887211
178 68 -0.00915295
178 178 4.81865
178 180 -0.521777
178 238 -0.513048
178 243 -0.853426
179 14 -0.889402
179 38 -0.00585348
179 66 -0.00648905
179 68 -0.888328
179 120 -0.534266
179 176 -0.861027
179 179 4.76552
179 240 -0.867066
179 244 -0.52712
180 67 -0.00773645
180 68 -0.889961
180 178 -0.521777
180 180 4.78531
180 241 -0.529714
180 243 -0.856259
181 69 -1.33341
181 70 -0.000561433
181 181 4.8971
181 183 -0.441777
181 246 -0.442917
181 254 -0.66408
182 16 -1.3333
182 43 -0.000428162
182 69 -1.33337
182 71 -0.000527145
182 129 -0.442974
182 182 4.89658
182 185 -0.664173
182 247 -0.665233
182 256 -0.441981
183 69 -0.000772294
183 70 -0.666312
183 181 -0.441777
183 183 4.90198
183 249 -0.440486
183 254 -1.33032
184 17 -0.66614
184 44 -0.00152058
184 70 -0.667171
184 71 -0.00141639
184 132 -0.437721
184 184 4.9124
184 186 -1.3277
184 250 -1.32715
184 255 -0.439333
185 16 -0.444784
185 42 -0.000794432
185 69 -0.000719761
185 71 -0.444075
185 128 -1.33007
185 182 -0.664173
185 185 4.90101
185 252 -0.663033
185 256 -1.33048
186 17 -0.443882
186 45 -0.00148324
186 70 -0.00139815
186 71 -0.444977
186 133 -0.660145
186 184 -1.3277
186 186 4.91194
186 253 -1.32739
186 255 -0.661592
187 18 -0.999626
187 46 -0.0019899
187 72 -1.00037
187 73 -0.00202695
187 136 -0.658613
187 187 4.69882
187 189 -0.658229
187 258 -0.658997
187 266 -0.658613
188 17 -1.00031
188 44 -0.00146907
188 72 -0.999683
188 74 -0.00150611
188 132 -0.661051
188 188 4.69048
188 191 -0.660667
188 259 -0.660726
188 268 -0.660342
189 18 -0.666612
189 47 -0.00230877
189 72 -0.00219185
189 73 -0.666712
189 137 -0.990352
189 187 -0.658229
189 189 4.70268
189 261 -0.657068
189 266 -0.991616
190 15 -0.666641
190 40 -0.00228823
190 73 -0.666684
190 74 -0.00216899
190 124 -0.657106
190 190 4.70233
190 192 -0.991678
190 262 -0.990463
190 267 -0.658365
191 17 -0.666956
191 45 -0.00144417
191 72 -0.00149395
191 74 -0.666369
191 133 -0.994518
191 188 -0.660667
191 191 4.69018
191 264 -0.66088
191 268 -0.9937
192 15 -0.666297
192 41 -0.00194446
192 73 -0.00199192
192 74 -0.667027
192 125 -0.658835
192 190 -0.991678
192 192 4.69817
192 265 -0.992547
192 267 -0.658719
193 75 -0.667343
193 76 -0.00484525
193 193 4.96448
193 195 -0.423892
193 270 -0.427122
193 278 -1.3135
194 18 -0.667171
194 46 -0.00369762
194 75 -0.66614
194 77 -0.00392685
194 136 -0.430607
194 194 4.9499
194 197 -1.31713
194 271 -1.31898
194 280 -0.427698
195 75 -0.00543117
195 76 -1.33289
195 193 -0.423892
195 195 4.97835
195 273 -0.420178
195 278 -0.645663
196 19 -1.33279
196 48 -0.00649592
196 76 -1.33388
196 77 -0.00617814
196 140 -0.417109
196 196 4.99033
196 198 -0.642631
196 274 -0.639899
196 279 -0.42097
197 18 -0.445429
197 47 -0.00417593
197 75 -0.0041742
197 77 -0.44343
197 137 -0.650437
197 194 -1.31713
197 197 4.95569
197 276 -1.31608
197 280 -0.649426
198 19 -0.443237
198 49 -0.00583088
198 76 -0.00583956
198 77 -0.445622
198 141 -1.3094
198 196 -0.642631
198 198 4.98226
198 277 -0.64395
198 279 -1.31054
199 78 -1.33505
199 79 -0.0125379
199 199 5.53418
199 201 0.0510958
199 282 0.0495173
199 290 -1.28404
200 19 -1.33482
200 48 -0.0101444
200 78 -1.33184
200 80 -0.0100888
200 140 0.0401053
200 200 5.49529
200 203 -1.29384
200 283 -1.29173
200 292 0.0410634
201 78 -0.01301
201 79 -1.33413
201 199 0.0510958
201 201 5.54529
201 285 0.0550729
201 290 -1.2831
202 20 -1.3339
202 50 -0.01245
202 79 -1.33276
202 80 -0.0119498
202 144 0.0512164
202 202 5.52862
202 204 -1.28734
202 286 -1.28156
202 291 0.046619
203 19 -0.00064294
203 49 -0.00928764
203 78 -0.0096581
203 80 0.000732143
203 141 -1.29768
203 200 -1.29384
203 203 5.48486
203 288 -1.29697
203 292 -1.29313
204 20 0.0011905
204 51 -0.0106765
204 79 -0.011047
204 80 -0.0011013
204 145 -1.29118
204 202 -1.28734
204 204 5.50708
204 289 -1.29236
204 291 -1.28852
205 16 -1.43856
205 42 0.704724
205 43 -0.0694175
205 81 -1.47427
205 95 0.538148
205 96 -0.103006
205 128 -2.26884
205 129 0.636188
205 205 7.01562
205 293 -0.221913
205 294 -1.92923
205 299 0.744382
205 300 -0.244293
205 350 -0.839828
205 356 -1.04208
206 28 -1.49343
206 81 -1.45602
206 82 -0.0698371
206 84 0.502559
206 95 -0.0408086
206 96 0.638274
206 206 6.50699
206 208 0.622027
206 212 -1.76382
206 294 0.52651
206 295 -0.244672
206 298 -0.267334
206 299 -2.03424
206 351 -0.626961
206 355 -0.784647
207 10 -0.0499038
207 30 0.713772
207 31 -0.223623
207 82 -0.0743233
207 96 -0.224223
207 97 0.556485
207 104 -2.75773
207 105 0.877264
207 207 9.99332
207 297 0.285201
207 298 0.871313
207 301 0.306512
207 302 -2.31043
207 354 -4.00172
207 358 -3.92736
208 28 0.00275286
208 81 -0.164761
208 82 0.0322095
208 83 0.446094
208 96 0.556735
208 97 -0.166547
208 206 0.622027
208 208 8.50629
208 210 -1.86401
208 298 -2.18632
208 299 0.264209
208 302 0.631365
208 303 0.285639
208 355 -3.48252
208 359 -3.45894
209 14 -1.57433
209 38 0.458731
209 39 -0.0181882
209 83 -1.53527
209 97 0.559109
209 98 0.0055132
209 120 -1.54553
209 121 0.442276
209 209 5.9366
209 303 -1.73656
209 304 -0.314303
209 305 -0.290981
209 306 0.361871
209 360 -0.407495
209 362 -0.301734
210 28 -1.49005
210 82 0.592096
210 83 -1.52851
210 84 -0.016242
210 97 -0.0421599
210 98 0.477088
210 208 -1.86401
210 210 6.1646
210 212 0.437172
210 302 -0.290649
210 303 0.523923
210 306 -1.64012
210 307 -0.267675
210 359 -0.5789
210 363 -0.451503
211 84 0.0870535
211 95 0.359136
211 98 -0.0805858
211 211 6.58793
211 295 -1.4404
211 296 0.221451
211 307 0.27862
211 308 0.243245
211 352 -2.75637
211 364 -2.78147
212 28 0.0734838
212 81 0.443609
212 83 -0.119936
212 84 0.0407178
212 95 -0.117145
212 98 0.362099
212 206 -1.76382
212 210 0.437172
212 212 7.41251
212 294 0.242967
212 295 0.427391
212 306 0.264579
212 307 -1.52199
212 351 -3.08033
212 363 -3.08688
213 20 -0.869476
213 50 0.316464
213 51 0.0414437
213 85 -0.908612
213 99 0.258982
213 100 0.0299402
213 144 -0.987669
213 145 0.0485067
213 213 4.43005
213 309 -0.144864
213 310 -0.87174
213 315 0.0902896
213 316 -0.168888
213 366 -0.541685
213 372 -0.563275
214 29 -0.967247
214 85 -0.927922
214 86 0.0488127
214 88 0.24856
214 99 0.0600291
214 100 0.300691
214 214 4.34832
214 216 0.0305488
214 220 -0.812059
214 310 -0.0105004
214 311 -0.168921
214 314 -0.193554
214 315 -0.914205
214 367 -0.42063
214 371 -0.435903
215 86 0.0632688
215 100 -0.0456555
215 101 0.242394
215 215 6.1148
215 313 0.181368
215 314 0.143191
215 317 0.200103
215 318 -1.03221
215 370 -2.44761
215 374 -2.48436
216 29 0.0391055
216 85 -0.015463
216 86 0.0794114
216 87 0.201241
216 100 0.241661
216 101 -0.0188511
216 214 0.0305488
216 216 5.60612
216 218 -0.856539
216 314 -0.977612
216 315 0.161483
216 318 0.0364911
216 319 0.180876
216 371 -2.2233
216 375 -2.26743
217 12 -1.09561
217 34 0.082701
217 35 0.236533
217 87 -1.05641
217 101 0.281577
217 102 0.0937165
217 112 -0.0714417
217 113 -0.727259
217 217 4.31789
217 319 -0.810984
217 320 -0.244172
217 321 -0.218221
217 322 -0.111849
217 376 -0.214627
217 378 -0.207482
218 29 -0.990593
218 86 0.289423
218 87 -1.02993
218 88 0.0773684
218 101 0.0663008
218 102 0.241306
218 216 -0.856539
218 218 4.31409
218 220 -0.063525
218 318 -0.218631
218 319 -0.0229014
218 322 -0.764799
218 323 -0.193354
218 375 -0.32071
218 379 -0.310082
219 11 -0.03947
219 32 0.141154
219 33 0.0364203
219 88 0.00287762
219 99 0.170249
219 102 0.0339021
219 108 -0.590457
219 109 -0.154391
219 219 4.88118
219 311 -0.675564
219 312 0.122228
219 323 -0.152284
219 324 0.142827
219 368 -1.86014
219 380 -1.9117
220 29 0.0455215
220 85 0.201917
220 87 0.00868134
220 88 0.004018
220 99 0.0116666
220 102 0.16806
220 214 -0.812059
220 218 -0.063525
220 220 5.2025
220 310 0.141809
220 311 -0.067562
220 322 0.161829
220 323 -0.711486
220 367 -2.02988
220 379 -2.07864
221 12 0.559593
221 35 -0.0201062
221 89 0.551858
221 90 -0.0206619
221 113 -1.91931
221 221 7.21479
221 223 -1.91355
221 326 -1.9233
221 334 -1.91753
222 13 0.553405
222 36 -0.0154187
222 89 0.558046
222 91 -0.0159744
222 116 -1.94125
222 222 7.13979
222 225 -1.93549
222 327 -1.93886
222 336 -1.9331
223 12 -1.99969
223 34 -0.0238868
223 89 -0.0225636
223 90 -2.00034
223 112 0.655883
223 221 -1.91355
223 223 7.26081
223 329 -1.90016
223 334 0.641826
224 90 -2.00025
224 91 -0.0225783
224 224 7.25977
224 226 0.642682
224 330 0.654507
224 335 -1.91327
225 13 -2.00279
225 37 -0.0161054
225 89 -0.0162825
225 91 -1.99724
225 117 0.618383
225 222 -1.93549
225 225 7.14831
225 332 -1.93447
225 336 0.623076
226 90 -0.0209848
226 91 -2.00334
226 224 0.642682
226 226 7.22227
226 333 0.635757
226 335 -1.91646
227 10 -1.00031
227 31 -0.00293205
227 92 -0.999683
227 93 -0.00282091
227 105 -0.654727
227 227 4.71271
227 229 -0.65588
227 338 -0.654402
227 346 -0.655555
228 11 -0.999626
228 32 -0.00345288
228 92 -1.00037
228 94 -0.00334174
228 108 -0.652289
228 228 4.72104
228 231 -0.653442
228 339 -0.652673
228 348 -0.653826
229 10 -0.666498
229 30 -0.00244879
229 92 -0.00257266
229 93 -0.666827
229 104 -0.9905
229 227 -0.65588
229 229 4.70685
229 341 -0.657334
229 346 -0.989385
230 15 -0.666755
230 41 -0.00225464
230 93 -0.666569
230 94 -0.00237619
230 125 -0.658066
230 230 4.70372
230 232 -0.990141
230 342 -0.991306
230 347 -0.65671
231 11 -0.666154
231 33 -0.00331339
231 92 -0.00327056
231 94 -0.667171
231 109 -0.986333
231 228 -0.653442
231 231 4.71935
231 344 -0.653522
231 348 -0.987301
232 15 -0.667099
232 40 -0.00259841
232 93 -0.00255326
232 94 -0.666225
232 124 -0.656337
232 230 -0.990141
232 232 4.70789
232 345 -0.989223
232 347 -0.656356
233 0 -0.0111725
233 36 -0.552758
233 39 -0.558258
233 66 -0.0107974
233 115 -0.841457
233 122 -0.84429
233 233 4.84247
233 234 -0.845348
233 235 -0.848181
234 13 -0.0115255
234 36 -0.886437
234 39 -0.0109733
234 66 -0.891293
234 116 -0.506266
234 175 -0.842121
234 233 -0.845348
234 234 4.84677
234 235 -0.514495
235 14 -0.00877533
235 36 -0.00955678
235 39 -0.889187
235 66 -0.888543
235 121 -0.522933
235 176 -0.855954
235 233 -0.848181
235 234 -0.514495
235 235 4.81344
236 37 -0.886867
236 67 -0.0140175
236 118 -0.492214
236 236 4.89781
236 237 -0.834321
236 238 -0.503027
237 13 -0.0133912
237 37 -0.55207
237 67 -0.558945
237 117 -0.833025
237 177 -0.836566
237 236 -0.834321
237 237 4.87997
237 238 -0.837863
238 37 -0.0122469
238 67 -0.890305
238 178 -0.513048
238 236 -0.503027
238 237 -0.837863
238 238 4.85615
239 38 -0.889617
239 68 -0.00426768
239 119 -0.542214
239 239 4.73115
239 240 -0.870488
239 241 -0.53636
240 14 -0.00505789
240 38 -0.55757
240 68 -0.553445
240 120 -0.869191
240 179 -0.867066
240 239 -0.870488
240 240 4.74663
240 241 -0.868363
241 38 -0.00533005
241 68 -0.887554
241 180 -0.529714
241 239 -0.53636
241 240 -0.868363
241 241 4.75615
242 13 -0.0104787
242 66 -0.889746
242 67 -0.887984
242 68 -0.00967637
242 175 -0.844714
242 177 -0.510454
242 242 4.82802
242 243 -0.852129
242 244 -0.519683
243 66 -0.00870372
243 67 -0.552758
243 68 -0.558258
243 178 -0.853426
243 180 -0.856259
243 242 -0.852129
243 243 4.80497
243 244 -0.854962
244 14 -0.00772849
244 66 -0.886996
244 67 -0.00825987
244 68 -0.890734
244 176 -0.858548
244 179 -0.52712
244 242 -0.519683
244 243 -0.854962
244 244 4.79469
245 43 -1.33335
245 69 -0.00014476
245 130 -0.444176
245 245 4.89085
245 246 -0.443643
245 247 -0.665879
246 43 -0.000256023
246 69 -0.666441
246 181 -0.442917
246 245 -0.443643
246 246 4.89339
246 247 -1.33232
247 16 -0.000288786
247 43 -0.444655
247 69 -0.444204
247 129 -1.33214
247 182 -0.665233
247 245 -0.665879
247 246 -1.33232
247 247 4.89319
248 44 -0.666183
248 70 -0.00158153
248 131 -0.436883
248 248 4.91526
248 249 -0.438739
248 250 -1.32715
249 44 -0.00127108
249 70 -1.33347
249 183 -0.440486
249 248 -0.438739
249 249 4.90804
249 250 -0.661109
250 17 -0.00156874
250 44 -0.443817
250 70 -0.445042
250 132 -0.659847
250 184 -1.32715
250 248 -1.32715
250 249 -0.661109
250 250 4.91351
251 1 -0.0015605
251 42 -0.444913
251 45 -0.443946
251 71 -0.00145109
251 127 -1.32697
251 134 -0.659792
251 251 4.91299
251 252 -0.661425
251 253 -1.3276
252 16 -0.00102234
252 42 -1.33326
252 45 -0.00116995
252 71 -1.33341
252 128 -0.44073
252 185 -0.663033
252 251 -0.661425
252 252 4.90648
252 253 -0.439277
253 17 -0.00149041
253 42 -0.00141401
253 45 -0.666097
253 71 -0.667214
253 133 -0.437909
253 186 -1.32739
253 251 -1.3276
253 252 -0.439277
253 253 4.91214
254 69 -0.444848
254 70 -0.44401
254 71 -0.000782276
254 181 -0.66408
254 183 -1.33032
254 254 4.90101
254 255 -0.663126
254 256 -1.33023
255 17 -0.00113913
255 69 -0.000988051
255 70 -1.3333
255 71 -1.33337
255 184 -0.439333
255 186 -0.661592
255 254 -0.663126
255 255 4.90596
255 256 -0.440934
256 16 -0.000704806
256 69 -0.667042
256 70 -0.000767322
256 71 -0.666269
256 182 -0.441981
256 185 -1.33048
256 254 -1.33023
256 255 -0.440934
256 256 4.90068
257 44 -1.00034
257 46 -0.999654
257 72 -0.00161621
257 131 -0.660492
257 135 -0.660138
257 257 4.69239
257 258 -0.659946
257 259 -0.6603
258 18 -0.00184494
258 44 -0.00174422
258 46 -0.666569
258 72 -0.666755
258 136 -0.992237
258 187 -0.658997
258 257 -0.659946
258 258 4.69539
258 259 -0.993377
259 17 -0.00150117
259 44 -0.666913
259 46 -0.00156716
259 72 -0.666412
259 132 -0.99432
259 188 -0.660726
259 257 -0.6603
259 258 -0.993377
259 259 4.69122
260 2 -0.00288111
260 40 -0.666669
260 47 -0.666655
260 73 -0.00274798
260 123 -0.654705
260 138 -0.988033
260 260 4.71171
260 261 -0.656078
260 262 -0.989421
261 18 -0.00249062
261 40 -0.00254619
261 47 -0.999597
261 73 -1.0004
261 137 -0.656655
261 189 -0.657068
261 260 -0.656078
261 261 4.70698
261 262 -0.656491
262 15 -0.00248005
262 40 -0.666268
262 47 -0.00254141
262 73 -0.667056
262 124 -0.656722
262 190 -0.990463
262 260 -0.989421
262 261 -0.656491
262 262 4.70685
263 1 -0.00149568
263 41 -0.666326
263 45 -0.666999
263 74 -0.00152925
263 126 -0.660601
263 134 -0.994283
263 263 4.69087
263 264 -0.660599
263 265 -0.993588
264 17 -0.00144895
264 41 -0.00150452
264 45 -1.00028
264 74 -0.999712
264 133 -0.661176
264 191 -0.66088
264 263 -0.660599
264 264 4.69031
264 265 -0.660304
265 15 -0.00178215
265 41 -0.666612
265 45 -0.0016768
265 74 -0.666712
265 125 -0.65916
265 192 -0.992547
265 263 -0.993588
265 264 -0.660304
265 265 4.69435
266 18 -0.00200003
266 72 -0.666985
266 73 -0.66634
266 74 -0.00193636
266 187 -0.658613
266 189 -0.991616
266 266 4.69817
266 267 -0.658941
266 268 -0.992609
267 15 -0.00198195
267 72 -0.00192639
267 73 -0.999654
267 74 -1.00034
267 190 -0.658365
267 192 -0.658719
267 266 -0.658941
267 267 4.69795
267 268 -0.659295
268 17 -0.00165626
268 72 -0.666641
268 73 -0.00175929
268 74 -0.666684
268 188 -0.660342
268 191 -0.9937
268 266 -0.992609
268 267 -0.659295
268 268 4.694
269 46 -0.667214
269 75 -0.00331074
269 135 -0.432894
269 269 4.94026
269 270 -0.430229
269 271 -1.31971
270 46 -0.00379707
270 75 -1.33296
270 193 -0.427122
270 269 -0.430229
270 270 4.95179
270 271 -0.652067
271 18 -0.00348018
271 46 -0.445364
271 75 -0.443495
271 136 -0.653264
271 194 -1.31898
271 269 -1.31971
271 270 -0.652067
271 271 4.94476
272 48 -1.33283
272 76 -0.00735825
272 139 -0.412062
272 272 5.0096
272 273 -0.416382
272 274 -0.638088
273 48 -0.00667273
273 76 -0.667472
273 195 -0.420178
273 272 -0.416382
273 273 4.99339
273 274 -1.30613
274 19 -0.00688773
274 48 -0.443108
274 76 -0.445751
274 140 -1.30521
274 196 -0.639899
274 272 -0.638088
274 273 -1.30613
274 274 4.99944
275 2 -0.00503444
275 47 -0.445493
275 49 -0.443366
275 77 -0.0050084
275 138 -0.646958
275 142 -1.31254
275 275 4.96924
275 276 -1.31391
275 277 -0.646133
276 18 -0.00444871
276 47 -0.667128
276 49 -0.00470571
276 77 -0.666183
276 137 -0.427669
276 197 -1.31608
276 275 -1.31391
276 276 4.96214
276 277 -0.424516
277 19 -0.0055276
277 47 -0.00525844
277 49 -1.33274
277 77 -1.33393
277 141 -0.421116
277 198 -0.64395
277 275 -0.646133
277 276 -0.424516
277 277 4.97523
278 75 -0.445557
278 76 -0.443301
278 77 -0.00503747
278 193 -1.3135
278 195 -0.645663
278 278 4.96976
278 279 -1.31268
278 280 -0.647168
279 19 -0.00555901
279 75 -0.00528811
279 76 -0.666011
279 77 -0.6673
279 196 -0.42097
279 198 -1.31054
279 278 -1.31268
279 279 4.97568
279 280 -0.424444
280 18 -0.00444637
280 75 -1.33382
280 76 -0.00471206
280 77 -1.33285
280 194 -0.427698
280 197 -0.649426
280 278 -0.647168
280 279 -0.424444
280 280 4.96221
281 48 -1.33482
281 78 -0.0116142
281 139 0.0467395
281 281 5.52029
281 282 0.0469292
281 283 -1.28797
282 48 -0.0118503
282 78 -1.33436
282 199 0.0495173
282 281 0.0469292
282 282 5.52584
282 283 -1.2875
283 19 -0.010658
283 48 -0.000413759
283 78 0.000502962
283 140 -1.2922
283 200 -1.29173
283 281 -1.28797
283 282 -1.2875
283 283 5.50708
284 50 -1.3339
284 79 -0.0148642
284 143 0.0634062
284 284 5.57584
284 285 0.0580403
284 286 -1.27592
285 50 -0.0141559
285 79 -1.33528
285 201 0.0550729
285 284 0.0580403
285 285 5.55918
285 286 -1.27733
286 20 -0.0134358
286 50 0.00141968
286 79 -0.00133048
286 144 -1.28015
286 202 -1.28156
286 284 -1.27592
286 285 -1.27733
286 286 5.55153
287 2 -0.0082645
287 49 -0.00087212
287 51 0.000961323
287 80 -0.00859791
287 142 -1.30177
287 146 -1.30083
287 287 5.46819
287 288 -1.29832
287 289 -1.29737
288 19 -0.00889204
288 49 -1.33482
288 51 -0.00891056
288 80 -1.33184
288 141 0.0348599
288 203 -1.29697
288 287 -1.29832
288 288 5.47584
288 289 0.0365866
289 20 -0.00980876
289 49 -0.00938273
289 51 -1.3339
289 80 -1.33276
289 145 0.0404155
289 204 -1.29236
289 287 -1.29737
289 288 0.0365866
289 289 5.48696
290 78 -0.00087212
290 79 0.000961323
290 80 -0.0116997
290 199 -1.28404
290 201 -1.2831
290 290 5.52375
290 291 -1.28733
290 292 -1.28827
291 20 -0.0113596
291 78 -0.0113041
291 79 -1.33161
291 80 -1.33505
291 202 0.046619
291 204 -1.28852
291 290 -1.28733
291 291 5.51473
291 292 0.0442719
292 19 -0.0104429
292 78 -1.33253
292 79 -0.0108319
292 80 -1.33413
292 200 0.0410634
292 203 -1.29313
292 290 -1.28827
292 291 0.0442719
292 292 5.50362
293 16 0.563223
293 43 -1.25889
293 81 -0.05631
293 95 -1.29701
293 129 -1.80236
293 130 0.439264
293 205 -0.221913
293 293 5.94629
293 294 0.521594
293 296 -1.55836
293 349 -0.677578
293 350 -0.806492
294 16 0.495307
294 28 -0.136234
294 43 -0.135447
294 81 -0.0192448
294 84 0.395362
294 95 -0.0501936
294 129 0.221048
294 205 -1.92923
294 206 0.52651
294 212 0.242967
294 293 0.521594
294 294 7.61009
294 295 -1.64185
294 350 -3.05527
294 351 -3.03811
295 28 -0.0295236
295 81 0.520416
295 84 -1.33494
295 95 -1.29574
295 206 -0.244672
295 211 -1.4404
295 212 0.427391
295 294 -1.64185
295 295 5.62347
295 296 0.352182
295 351 -0.610271
295 352 -0.507698
296 43 0.396643
296 84 -0.0937303
296 95 0.00719444
296 130 0.199409
296 211 0.221451
296 293 -1.55836
296 295 0.352182
296 296 6.66598
296 349 -2.69413
296 352 -2.70318
297 1 0.83415
297 10 -0.253901
297 30 -0.200228
297 42 -0.259605
297 82 0.623041
297 96 -0.219962
297 103 -3.14526
297 104 1.03685
297 127 0.263263
297 207 0.285201
297 297 10.7356
297 298 -2.56544
297 300 1.04282
297 353 -4.14805
297 354 -4.00734
298 10 -0.122345
298 28 0.611257
298 30 0.798871
298 81 -0.0833475
298 82 -1.68868
298 96 -1.65405
298 104 -0.28993
298 206 -0.267334
298 207 0.871313
298 208 -2.18632
298 297 -2.56544
298 298 7.76071
298 299 0.746617
298 354 -1.07434
298 355 -0.833622
299 16 -0.18924
299 28 0.491842
299 42 0.632747
299 81 -0.108287
299 82 -0.188014
299 96 -0.0816873
299 128 0.242366
299 205 0.744382
299 206 -2.03424
299 208 0.264209
299 298 0.746617
299 299 8.90271
299 300 -2.43167
299 355 -3.4581
299 356 -3.51959
300 1 0.908536
300 16 -0.1195
300 30 -0.166789
300 42 -1.67004
300 81 0.66578
300 96 -1.70179
300 103 -0.266559
300 127 -2.93201
300 128 0.895068
300 205 -0.244293
300 297 1.04282
300 299 -2.43167
300 300 8.59286
300 353 -1.43969
300 356 -1.11926
301 0 -0.200558
301 10 0.63049
301 31 0.0711401
301 39 0.506806
301 82 -0.198053
301 97 0.0433994
301 105 -2.48769
301 106 0.753862
301 122 0.327269
301 207 0.306512
301 301 9.54081
301 302 0.740906
301 304 -2.12485
301 357 -3.91196
301 358 -3.94516
302 10 0.725661
302 28 -0.0537256
302 31 -0.0873501
302 82 -1.6658
302 83 0.572735
302 97 -1.70216
302 105 -0.313608
302 207 -2.31043
302 208 0.631365
302 210 -0.290649
302 301 0.740906
302 302 7.20542
302 303 -2.00797
302 358 -0.798336
302 359 -0.608679
303 14 0.410845
303 28 -0.145666
303 39 -0.149436
303 82 0.501279
303 83 0.0972802
303 97 0.128879
303 121 0.306648
303 208 0.285639
303 209 -1.73656
303 210 0.523923
303 302 -2.00797
303 303 8.28207
303 304 0.537802
303 359 -3.49729
303 360 -3.49886
304 0 -0.058333
304 14 0.544945
304 31 0.674472
304 39 -1.73264
304 83 -0.0284054
304 97 -1.69526
304 106 -0.337666
304 121 -1.87415
304 122 0.636759
304 209 -0.314303
304 301 -2.12485
304 303 0.537802
304 304 6.82943
304 357 -0.578123
304 360 -0.423418
305 14 0.0146211
305 38 -1.43877
305 83 0.468204
305 98 -1.39855
305 119 -1.28081
305 120 0.281176
305 209 -0.290981
305 305 5.27342
305 306 -1.43053
305 308 0.214793
305 361 -0.235586
305 362 -0.305824
306 14 -0.106475
306 28 0.404451
306 38 0.335852
306 83 0.15524
306 84 -0.102276
306 98 0.121051
306 120 0.28585
306 209 0.361871
306 210 -1.64012
306 212 0.264579
306 305 -1.43053
306 306 7.32602
306 307 0.348752
306 362 -3.16113
306 363 -3.13802
307 28 0.490039
307 83 -0.00621769
307 84 -1.34337
307 98 -1.38323
307 210 -0.267675
307 211 0.27862
307 212 -1.52199
307 306 0.348752
307 307 5.40928
307 308 -1.35044
307 363 -0.446693
307 364 -0.362753
308 38 -0.0694193
308 84 0.329927
308 98 0.15941
308 119 0.264746
308 211 0.243245
308 305 0.214793
308 307 -1.35044
308 308 6.58698
308 361 -2.87752
308 364 -2.84077
309 2 0.0589641
309 20 0.266608
309 33 0.219418
309 51 -0.775668
309 85 0.0500282
309 99 -0.815712
309 110 -0.120677
309 145 -0.824153
309 146 -0.0457128
309 213 -0.144864
309 309 4.17227
309 310 -0.0117934
309 312 -0.72798
309 365 -0.5814
309 366 -0.584519
310 20 0.222343
310 29 -0.000171123
310 51 0.00181362
310 85 -0.0202943
310 88 0.183938
310 99 -0.0609487
310 145 0.121415
310 213 -0.87174
310 214 -0.0105004
310 220 0.141809
310 309 -0.0117934
310 310 5.11509
310 311 -0.76134
310 366 -1.9252
310 367 -1.96663
311 11 0.210757
311 29 0.0680519
311 33 0.0769662
311 85 0.25415
311 88 -0.877678
311 99 -0.837509
311 109 -0.14416
311 214 -0.168921
311 219 -0.675564
311 220 -0.067562
311 310 -0.76134
311 311 4.11325
311 312 -0.101526
311 367 -0.467057
311 368 -0.46785
312 2 0.0270499
312 11 0.155813
312 33 -0.102073
312 51 0.188512
312 88 0.0254602
312 99 -0.0604245
312 109 -0.635542
312 110 -0.10102
312 146 0.101274
312 219 0.122228
312 309 -0.72798
312 311 -0.101526
312 312 4.78013
312 365 -1.74879
312 368 -1.79412
313 50 -0.0576786
313 86 0.263415
313 100 -0.010602
313 143 0.162162
313 215 0.181368
313 313 6.09428
313 314 -1.1023
313 316 0.209348
313 369 -2.36855
313 370 -2.39366
314 29 0.293671
314 85 0.0405319
314 86 -1.06713
314 100 -1.02883
314 214 -0.193554
314 215 0.143191
314 216 -0.977612
314 313 -1.1023
314 314 4.68245
314 315 0.0932882
314 370 -0.435036
314 371 -0.398853
315 20 -0.0261365
315 29 0.219111
315 50 0.265519
315 85 -0.0294182
315 86 -0.0284154
315 100 0.0098542
315 144 0.141678
315 213 0.0902896
315 214 -0.914205
315 216 0.161483
315 314 0.0932882
315 315 5.54346
315 316 -1.0489
315 371 -2.1639
315 372 -2.12876
316 20 0.0209676
316 50 -0.975482
316 85 0.306906
316 100 -1.0135
316 143 -1.19268
316 144 0.157507
316 213 -0.168888
316 313 0.209348
316 315 -1.0489
316 316 4.80315
316 369 -0.577568
316 372 -0.531315
317 34 0.225144
317 86 -0.0354049
317 101 0.13204
317 111 0.218318
317 215 0.200103
317 317 6.19454
317 318 0.0850474
317 320 -0.977291
317 373 -2.58771
317 374 -2.54224
318 29 0.0585639
318 86 -1.08754
318 87 0.284312
318 101 -1.1259
318 215 -1.03221
318 216 0.0364911
318 218 -0.218631
318 317 0.0850474
318 318 4.62117
318 319 -0.921691
318 374 -0.308266
318 375 -0.279488
319 12 0.186393
319 29 -0.00617997
319 34 -0.0104729
319 86 0.222251
319 87 0.103685
319 101 0.144969
319 112 0.199804
319 216 0.180876
319 217 -0.810984
319 218 -0.0229014
319 318 -0.921691
319 319 5.71552
319 320 -0.0146084
319 375 -2.32982
319 376 -2.38085
320 12 0.27793
320 34 -1.18843
320 87 0.0754058
320 101 -1.15018
320 111 0.0330037
320 112 -0.877546
320 217 -0.244172
320 317 -0.977291
320 319 -0.0146084
320 320 4.60623
320 373 -0.193041
320 376 -0.169849
321 0 0.200997
321 12 0.100909
321 32 0.109986
321 35 -1.01078
321 87 0.239333
321 102 -0.970808
321 107 -0.192274
321 113 -0.164554
321 114 -0.600133
321 217 -0.218221
321 321 4.10774
321 322 -0.671779
321 324 -0.198992
321 377 -0.265177
321 378 -0.259492
322 12 0.0165503
322 29 0.185059
322 35 0.154719
322 87 0.108089
322 88 0.0203704
322 102 0.0657775
322 113 0.181418
322 217 -0.111849
322 218 -0.764799
322 220 0.161829
322 321 -0.671779
322 322 5.32874
322 323 -0.118131
322 378 -2.19878
322 379 -2.14428
323 11 0.093907
323 29 0.24533
323 32 0.2048
323 87 0.0849377
323 88 -0.902841
323 102 -0.942979
323 108 -0.168005
323 218 -0.193354
323 219 -0.152284
323 220 -0.711486
323 322 -0.118131
323 323 4.09414
323 324 -0.633662
323 379 -0.359506
323 380 -0.363126
324 0 0.12871
324 11 0.044798
324 32 0.0204211
324 35 0.0414923
324 88 0.154987
324 102 0.0634274
324 107 -0.554217
324 108 -0.203274
324 114 0.163006
324 219 0.142827
324 321 -0.198992
324 323 -0.633662
324 324 5.01595
324 377 -2.03625
324 380 -1.97969
325 0 -0.0150233
325 35 0.558819
325 36 0.552631
325 89 -0.0155235
325 114 -1.93987
325 115 -1.94305
325 325 7.13302
325 326 -1.93468
325 327 -1.93787
326 12 -0.0182453
326 35 -1.99991
326 36 -0.0171374
326 89 -2.00012
326 113 0.632521
326 221 -1.9233
326 325 -1.93468
326 326 7.17227
326 327 0.620918
327 13 -0.0151513
327 35 -0.0155438
327 36 -2.003
327 89 -1.99703
327 116 0.613771
327 222 -1.93886
327 325 -1.93787
327 326 0.620918
327 327 7.13477
328 34 -1.99948
328 90 -0.0288361
328 111 0.682632
328 328 7.3629
328 329 -1.88903
328 330 0.666119
329 12 -0.0260355
329 34 0.560366
329 90 0.551084
329 112 -1.89537
329 223 -1.90016
329 328 -1.88903
329 329 7.31011
329 330 -1.89382
330 34 -0.0264457
330 90 -2.00412
330 224 0.654507
330 328 0.666119
330 329 -1.89382
330 330 7.30665
331 37 -2.00257
331 91 -0.0178675
331 118 0.626382
331 331 7.1754
331 332 -1.92972
331 333 0.628619
332 13 -0.0166605
332 37 0.554178
332 91 0.557272
332 117 -1.93606
332 225 -1.93447
332 331 -1.92972
332 332 7.16011
332 333 -1.92813
333 37 -0.0186643
333 91 -2.00102
333 226 0.635757
333 331 0.628619
333 332 -1.92813
333 333 7.19415
334 12 -0.0205716
334 89 -2.00356
334 90 -1.99647
334 91 -0.0200194
334 221 -1.91753
334 223 0.641826
334 334 7.21394
334 335 -1.91961
334 336 0.632446
335 89 -0.0201761
335 90 0.558819
335 91 0.552631
335 224 -1.91327
335 226 -1.91646
335 334 -1.91961
335 335 7.21636
335 336 -1.9228
336 13 -0.0174777
336 89 -2.00047
336 90 -0.0184258
336 91 -1.99956
336 222 -1.9331
336 225 0.623076
336 334 0.632446
336 335 -1.9228
336 336 7.17644
337 0 -0.00375511
337 31 -1.00034
337 32 -0.999654
337 92 -0.00362545
337 106 -0.65139
337 107 -0.651036
337 337 4.72573
337 338 -0.652735
337 339 -0.652381
338 10 -0.00320023
338 31 -0.666455
338 32 -0.00334032
338 92 -0.66687
338 105 -0.987524
338 227 -0.654402
338 337 -0.652735
338 338 4.719
338 339 -0.986285
339 11 -0.00354401
339 31 -0.00351738
339 32 -0.666111
339 92 -0.667214
339 108 -0.98544
339 228 -0.652673
339 337 -0.652381
339 338 -0.986285
339 339 4.72317
340 1 -0.00180585
340 30 -0.66654
340 41 -0.666784
340 93 -0.00191352
340 103 -0.993042
340 126 -0.659832
340 340 4.69643
340 341 -0.65859
340 342 -0.992051
341 10 -0.00221749
341 30 -1.00028
341 41 -0.00212488
341 93 -0.999712
341 104 -0.657629
341 229 -0.657334
341 340 -0.65859
341 341 4.70142
341 342 -0.658295
342 15 -0.00209233
342 30 -0.00206107
342 41 -0.66707
342 93 -0.666254
342 125 -0.658391
342 230 -0.991306
342 340 -0.992051
342 341 -0.658295
342 342 4.6999
343 2 -0.00319129
343 33 -0.666197
343 40 -0.667128
343 94 -0.00313225
343 110 -0.986792
343 123 -0.653936
343 343 4.71726
343 344 -0.654069
343 345 -0.987884
344 11 -0.00325916
344 33 -0.999597
344 40 -0.00316654
344 94 -1.0004
344 109 -0.653108
344 231 -0.653522
344 343 -0.654069
344 344 4.71809
344 345 -0.654482
345 15 -0.00279022
345 33 -0.00292567
345 40 -0.666727
345 94 -0.666598
345 124 -0.655954
345 232 -0.989223
345 343 -0.987884
345 344 -0.654482
345 345 4.7124
346 10 -0.00273497
346 92 -0.666182
346 93 -0.667142
346 94 -0.00276391
346 227 -0.655555
346 229 -0.989385
346 346 4.71067
346 347 -0.655749
346 348 -0.98859
347 15 -0.00260231
347 92 -0.00269492
347 93 -1.00034
347 94 -0.999654
347 230 -0.65671
347 232 -0.656356
347 346 -0.655749
347 347 4.70906
347 348 -0.655395
348 11 -0.00307874
348 92 -0.666526
348 93 -0.00294098
348 94 -0.666798
348 228 -0.653826
348 231 -0.987301
348 346 -0.98859
348 347 -0.655395
348 348 4.71483
349 43 -1.64417
349 95 0.40503
349 130 -2.64975
349 293 -0.677578
349 296 -2.69413
349 349 8.94188
350 16 -2.05135
350 43 0.561624
350 81 0.59365
350 95 -1.70295
350 129 -3.02638
350 205 -0.839828
350 293 -0.806492
350 294 -3.05527
350 350 10.3371
351 28 0.491572
351 81 -1.85361
351 84 -1.56755
351 95 0.460651
351 206 -0.626961
351 212 -3.08033
351 294 -3.03811
351 295 -0.610271
351 351 9.84601
352 84 0.322949
352 95 -1.50525
352 211 -2.75637
352 295 -0.507698
352 296 -2.70318
352 352 8.65973
353 1 -3.45087
353 30 1.17206
353 42 1.11811
353 96 -2.7032
353 103 -1.58931
353 127 -4.19272
353 297 -4.14805
353 300 -1.43969
353 353 15.2662
354 10 0.975918
354 30 -2.96164
354 82 -2.40736
354 96 0.927131
354 104 -1.17318
354 207 -4.00172
354 297 -4.00734
354 298 -1.07434
354 354 13.7777
355 28 -1.92889
355 81 0.663598
355 82 0.702189
355 96 -2.31764
355 206 -0.784647
355 208 -3.48252
355 298 -0.833622
355 299 -3.4581
355 355 11.4775
356 16 0.796896
356 42 -2.61741
356 81 -2.12328
356 96 0.838059
356 128 -3.51695
356 205 -1.04208
356 299 -3.51959
356 300 -1.11926
356 356 12.3247
357 0 0.715495
357 31 -2.39764
357 39 -2.03865
357 97 0.672916
357 106 -0.622425
357 122 -3.94468
357 301 -3.91196
357 304 -0.578123
357 357 12.2343
358 10 -2.63221
358 31 0.830045
358 82 0.784855
358 97 -2.19572
358 105 -0.864826
358 207 -3.92736
358 301 -3.94516
358 302 -0.798336
358 358 12.8357
359 28 0.558317
359 82 -2.10478
359 83 -1.78508
359 97 0.595047
359 208 -3.45894
359 210 -0.5789
359 302 -0.608679
359 303 -3.49729
359 359 10.9427
360 14 -1.67591
360 39 0.507039
360 83 0.471692
360 97 -1.94772
360 121 -3.54649
360 209 -0.407495
360 303 -3.49886
360 304 -0.423418
360 360 10.617
361 38 0.191813
361 98 -1.32009
361 119 -2.9411
361 305 -0.235586
361 308 -2.87752
361 361 8.45966
362 14 0.335864
362 38 -1.38613
362 83 -1.5982
362 98 0.306345
362 120 -3.21839
362 209 -0.301734
362 305 -0.305824
362 306 -3.16113
362 362 9.39392
363 28 -1.70813
363 83 0.407434
363 84 0.377321
363 98 -1.46508
363 210 -0.451503
363 212 -3.08688
363 306 -3.13802
363 307 -0.446693
363 363 9.5507
364 84 -1.40052
364 98 0.252971
364 211 -2.78147
364 307 -0.362753
364 308 -2.84077
364 364 8.51058
365 2 -0.0784406
365 33 -0.656411
365 51 -0.765429
365 99 -0.0683807
365 110 -0.632387
365 146 -1.68559
365 309 -0.5814
365 312 -1.74879
365 365 6.46069
366 20 -0.91456
366 51 0.0117248
366 85 0.0247692
366 99 -0.784713
366 145 -1.86535
366 213 -0.541685
366 309 -0.584519
366 310 -1.9252
366 366 6.87399
367 29 -0.0320284
367 85 -0.846223
367 88 -0.729671
367 99 -0.0461465
367 214 -0.42063
367 220 -2.02988
367 310 -1.96663
367 311 -0.467057
367 367 6.87844
368 11 -0.606851
368 33 -0.133606
368 88 -0.122331
368 99 -0.705803
368 109 -0.521406
368 219 -1.86014
368 311 -0.46785
368 312 -1.79412
368 368 6.48747
369 50 0.237057
369 100 -1.13625
369 143 -2.32035
369 313 -2.36855
369 316 -0.577568
369 369 8.18552
370 86 -1.05818
370 100 0.167556
370 215 -2.44761
370 313 -2.39366
370 314 -0.435036
370 370 8.07786
371 29 -0.877715
371 85 0.05307
371 86 0.0705044
371 100 -1.01803
371 214 -0.435903
371 216 -2.2233
371 314 -0.398853
371 315 -2.1639
371 371 7.39629
372 20 0.115391
372 50 -1.10023
372 85 -0.941654
372 100 0.131974
372 144 -2.07367
372 213 -0.563275
372 315 -2.12876
372 316 -0.531315
372 372 7.43295
373 34 -0.949261
373 101 0.0528848
373 111 -2.64826
373 317 -2.58771
373 320 -0.193041
373 373 8.14295
374 86 0.106891
374 101 -0.997229
374 215 -2.48436
374 317 -2.54224
374 318 -0.308266
374 374 8.07125
375 29 -0.0023827
375 86 -0.953908
375 87 -0.827302
375 101 0.0158277
375 216 -2.26743
375 218 -0.32071
375 318 -0.279488
375 319 -2.32982
375 375 7.43836
376 12 -0.787386
376 34 -0.0335881
376 87 -0.0525214
376 101 -0.903465
376 112 -2.44527
376 217 -0.214627
376 319 -2.38085
376 320 -0.169849
376 376 7.54328
377 0 -0.534989
377 32 -0.230402
377 35 -0.217046
377 102 -0.620207
377 107 -0.322728
377 114 -2.10556
377 321 -0.265177
377 324 -2.03625
377 377 6.69918
378 12 -0.13021
378 35 -0.650944
378 87 -0.749549
378 102 -0.146176
378 113 -2.26604
378 217 -0.207482
378 321 -0.259492
378 322 -2.19878
378 378 7.06977
379 29 -0.792306
379 87 -0.083305
379 88 -0.0983882
379 102 -0.685865
379 218 -0.310082
379 220 -2.07864
379 322 -2.14428
379 323 -0.359506
379 379 6.94761
380 11 -0.183949
380 32 -0.567014
380 88 -0.658244
380 102 -0.171584
380 108 -0.418832
380 219 -1.9117
380 323 -0.363126
380 324 -1.97969
380 380 6.56998
0.0189899
0.000264185
-0.00797465
0
0
0
0
0
0
0
-0.00521807
0.00782082
0.905791
-0.125905
0.00887092
-0.000126918
0.00371431
-0.00063051
0.00602114
-0.018102
0.112471
0
0
0
0
0
0
0
0.00361094
0.52119
-0.00178929
-0.00695451
0.0215525
-0.00798612
2.17419
0.293033
-0.135295
-0.101546
0.012552
-0.00421383
-0.00101276
0.000429049
0.00326063
0.00288548
-0.000920449
-0.000398055
0.00463721
0.00586213
-0.00826
-0.0211918
0.316938
0.0180781
0
0
0
0
0
0
0
0
0
0
0
0
0
0
-0.00270135
-0.00363975
0.00670064
0.00185601
0.00216248
0.00214132
0.000745316
0.000247958
0.000638254
0.000336536
-0.00274517
0.00102039
-0.0492841
-0.0858816
-0.0428302
0.00580076
-0.00339883
-0.00227456
0.00689693
0.286691
1.31339
0.83409
0.145357
-0.263593
-0.52906
-0.250559
-0.00249311
-0.00056134
-0.00174509
0.00669662
0.00154847
-0.0111034
0.00446237
0.0581172
0.779964
2.05409
0.250969
-0.00593121
-0.0164943
-0.015407
0.0235687
0.0598878
0.0318185
-0.0111602
-0.0605226
16.5345
6.93277
2.34612
0.494026
0.113555
-0.395558
-0.909155
-1.07802
-0.00935911
-0.0454108
-0.0975112
-0.0257877
-0.0676873
-0.0420777
-0.0215238
-0.00606656
0.00803628
0.0195341
0.0201853
0.00993637
-0.0288766
-0.0120164
-0.000318952
0.00307217
-0.0494293
-0.0740801
-0.103276
-0.117799
-0.586458
-0.5479
-0.376534
-0.201324
2.32065
0.780837
0.101676
-0.116943
0
0
0
0
0
0
0
0
0
0
0
0
0
0
0
0
0
0
0
0
0
0
0
0
0
0
0
0
-0.507756
-0.196636
-0.675513
-0.381861
-0.14527
-0.244128
0.019966
0.0301991
0.0133316
0.00364147
0.0296398
0.010044
-0.0473383
-0.0170717
-0.0570634
-0.0384762
-0.0118482
-0.0259
-0.179627
-0.132596
-0.236973
-0.360036
-0.155021
-0.306195
-0.639668
-0.626916
-0.123777
0.441202
-0.488825
0.0591363
0.0115598
0.00971025
-0.0117819
0.000475286
-0.014937
0.00177648
0.012234
0.0110445
0.399054
0.800662
3.98046
1.78293
2.06184
1.34681
0.137295
0.635392
3.18861
-0.193939
5.92297
3.73019
-0.591043
0.770123
-0.0188365
0.00524267
-0.0222477
-0.025718
-0.0101554
-0.0328584
-0.166067
-0.336835
-0.22115
-0.785699
-0.783101
-0.565387
-0.0578924
-0.0931383
-0.135604
-0.446408
-0.341981
-0.273454
0.0197295
0.0221017
0.0269079
-0.0150438
0.00165511
-0.00484588
0.0152167
0.02459
0.013909
0.0212583
0.0179589
0.0266835
-0.0304224
-0.0382275
-0.0234859
-0.0701102
-0.0653514
-0.0533978
-0.0060863
-0.00803894
-0.0150147
-0.0392517
-0.0317935
-0.0242342
-0.0895045
-0.129831
-0.109386
-0.385116
-0.306865
-0.391487
-0.187052
-0.175207
-0.246928
-0.223661
-0.268656
-0.193311
-0.85317
-0.864468
-0.761792
2.01714
0.719378
1.04403
-0.227487
-0.349276
-0.134593
-0.384344
-0.144336
-0.476932
0.0116457
0.0128868
0.0137984
0.0104629
-0.00218392
-0.00152187
0.00764897
0.00541777
-0.0191039
-0.0142477
-0.013533
-0.0303634
0.00295475
0.00289433
0.0116762
0.0093536
0.0463485
0.324866
0.201542
0.0296299
2.40512
2.07502
1.03388
1.17573
6.19775
3.34444
2.80901
5.07808
0.621445
1.03773
0.394555
0.25692
0.567601
1.5661
0.212137
16.0531
9.93146
8.51994
-1.28647
-0.991571
-0.750515
2.45255
1.617
0.458752
0.0244423
-0.00461729
0.016448
-0.0134424
-0.0196498
-0.0194695
-0.0472258
-0.0272552
-0.039623
-0.0207199
-0.0252565
-0.0162708
0.0162758
0.0238978
0.0244276
0.0230752
0.00206211
-0.0136599
0.00876824
0.0175163
-0.029531
-0.0315038
-0.0123074
-0.0468548
0.00997713
-0.0105168
0.0146969
0.0221341
-0.0324762
0.413364
0.95153
0.165333
3.68781
6.32952
2.792
1.52233
15.3375
10.1062
4.56142
6.94374
0.635522
2.56662
1.66345
0.39336
