3937
381 381
0 0 2.92967
4 0 0.0310663
5 0 -0.217156
10 0 -0.0454894
15 0 0.0441283
17 0 -0.196439
23 0 -0.00776349
24 0 -0.01051
26 0 -0.0354472
73 0 0.0634274
74 0 -0.942979
75 0 0.0657775
76 0 -0.970808
93 0 0.16806
94 0 0.0339021
95 0 0.241306
96 0 0.0937165
126 0 0.142095
127 0 0.0281514
131 0 0.1014
132 0 0.20328
143 0 -0.171584
144 0 -0.685865
145 0 -0.146176
146 0 -0.620207
1 1 2.87431
4 1 0.0172935
6 1 -0.183616
10 1 -0.00179129
12 1 0.00270885
16 1 -0.162948
20 1 -0.0525911
24 1 -0.0405434
55 1 -0.0041183
79 1 -0.0604245
80 1 -0.837509
81 1 -0.0609487
82 1 -0.815712
93 1 0.0116666
94 1 0.170249
98 1 0.0600291
99 1 0.258982
117 1 0.01597
118 1 0.203053
129 1 0.0673312
130 1 0.215444
151 1 -0.705803
152 1 -0.0461465
153 1 -0.784713
154 1 -0.0683807
2 2 5.04186
7 2 -0.332965
8 2 0.066717
11 2 0.0362424
14 2 0.0867679
18 2 -0.368899
22 2 -0.113073
25 2 -0.150677
26 2 0.0437243
84 2 -1.69526
85 2 0.128879
86 2 -1.70216
87 2 0.0433994
101 2 -0.0421599
102 2 0.559109
103 2 -0.166547
104 2 0.556485
123 2 -0.177713
124 2 0.459202
133 2 -0.0703296
134 2 0.695761
157 2 -1.94772
158 2 0.595047
159 2 -2.19572
160 2 0.672916
3 3 5.67902
8 3 0.0434408
9 3 -0.314453
11 3 -0.132616
13 3 0.0152736
19 3 -0.359903
21 3 0.0513115
25 3 0.0597769
72 3 -0.192075
88 3 -1.70179
89 3 -0.0816873
90 3 -1.65405
91 3 -0.219962
103 3 0.556735
104 3 -0.224223
105 3 0.638274
106 3 -0.103006
121 3 -0.216088
122 3 0.716368
135 3 -0.139717
136 3 0.84386
161 3 0.838059
162 3 -2.31764
163 3 0.927131
164 3 -2.7032
0 4 0.0310663
1 4 0.0172935
4 4 2.89076
5 4 -0.00492583
6 4 -0.0486484
10 4 -0.199982
16 4 -0.00747178
17 4 -0.0377343
24 4 -0.179335
73 4 0.154987
74 4 -0.902841
75 4 0.0203704
79 4 0.0254602
80 4 -0.877678
81 4 0.183938
93 4 0.004018
94 4 0.00287762
95 4 0.0773684
98 4 0.24856
130 4 0.084855
131 4 0.208146
143 4 -0.658244
144 4 -0.0983882
151 4 -0.122331
152 4 -0.729671
0 5 -0.217156
4 5 -0.00492583
5 5 3.10471
10 5 0.0402919
15 5 -0.0429365
23 5 0.0532921
27 5 -0.239122
31 5 -0.0548129
59 5 -0.0016366
74 5 0.0849377
75 5 0.108089
76 5 0.239333
77 5 0.103685
93 5 0.00868134
95 5 -1.02993
96 5 -1.05641
97 5 0.201241
109 5 0.0754058
110 5 0.284312
127 5 0.170968
128 5 0.00201171
144 5 -0.083305
145 5 -0.749549
147 5 -0.0525214
148 5 -0.827302
1 6 -0.183616
4 6 -0.0486484
6 6 3.07023
10 6 0.0264816
12 6 0.00171054
20 6 0.0117203
28 6 -0.205823
31 6 0.0046357
56 6 -0.0632076
78 6 -0.0294182
80 6 0.25415
81 6 -0.0202943
82 6 0.0500282
93 6 0.201917
97 6 -0.015463
98 6 -0.927922
99 6 -0.908612
111 6 0.306906
112 6 0.0405319
118 6 -0.010259
119 6 0.240913
149 6 -0.941654
150 6 0.05307
152 6 -0.846223
153 6 0.0247692
2 7 -0.332965
7 7 4.39011
8 7 -0.121445
11 7 0.0707617
14 7 0.0308262
22 7 0.08839
29 7 -0.302194
32 7 0.0246509
58 7 -0.093165
83 7 0.15524
84 7 -0.0284054
85 7 0.0972802
86 7 0.572735
100 7 -0.119936
101 7 -1.52851
102 7 -1.53527
103 7 0.446094
113 7 -0.00621769
114 7 0.468204
124 7 -0.130203
125 7 0.37391
155 7 0.407434
156 7 -1.5982
157 7 0.471692
158 7 -1.78508
2 8 0.066717
3 8 0.0434408
7 8 -0.121445
8 8 5.29067
9 8 0.0428701
11 8 -0.322187
18 8 0.0507626
19 8 -0.167597
25 8 -0.361871
85 8 0.501279
86 8 -1.6658
87 8 -0.198053
89 8 -0.188014
90 8 -1.68868
91 8 0.623041
101 8 0.592096
103 8 0.0322095
104 8 -0.0743233
105 8 -0.0698371
134 8 -0.10147
135 8 0.756019
158 8 -2.10478
159 8 0.784855
162 8 0.702189
163 8 -2.40736
3 9 -0.314453
8 9 0.0428701
9 9 4.74973
11 9 0.0510493
13 9 -0.148049
21 9 0.0283801
30 9 -0.278176
32 9 -0.106885
57 9 0.0362262
88 9 0.66578
89 9 -0.108287
90 9 -0.0833475
92 9 -0.0192448
100 9 0.443609
103 9 -0.164761
105 9 -1.45602
106 9 -1.47427
115 9 0.520416
116 9 -0.05631
120 9 -0.156606
121 9 0.553231
161 9 -2.12328
162 9 0.663598
165 9 -1.85361
166 9 0.59365
0 10 -0.0454894
1 10 -0.00179129
4 10 -0.199982
5 10 0.0402919
6 10 0.0264816
10 10 3.07424
27 10 0.00132279
28 10 -0.0585263
31 10 -0.221995
74 10 0.24533
75 10 0.185059
77 10 -0.00617997
78 10 0.219111
80 10 0.0680519
81 10 -0.000171123
93 10 0.0455215
95 10 -0.990593
97 10 0.0391055
98 10 -0.967247
110 10 0.0585639
112 10 0.293671
144 10 -0.792306
148 10 -0.0023827
150 10 -0.877715
152 10 -0.0320284
2 11 0.0362424
3 11 -0.132616
7 11 0.0707617
8 11 -0.322187
9 11 0.0510493
11 11 4.52665
29 11 -0.0991116
30 11 0.0298704
32 11 -0.289189
83 11 0.404451
85 11 -0.145666
86 11 -0.0537256
89 11 0.491842
90 11 0.611257
92 11 -0.136234
100 11 0.0734838
101 11 -1.49005
103 11 0.00275286
105 11 -1.49343
113 11 0.490039
115 11 -0.0295236
155 11 -1.70813
158 11 0.558317
162 11 -1.92889
165 11 0.491572
1 12 0.00270885
6 12 0.00171054
12 12 3.46735
16 12 -0.0440164
20 12 0.0811122
37 12 0.328534
44 12 -0.0042379
55 12 0.091663
79 12 0.188512
81 12 0.00181362
82 12 -0.775668
99 12 0.0414437
117 12 -0.72894
118 12 -0.731759
129 12 0.225816
153 12 0.0117248
154 12 -0.765429
186 12 -1.3339
187 12 -0.00891056
188 12 0.000961323
225 12 -0.0106765
247 12 -0.00751477
3 13 0.0152736
9 13 -0.148049
13 13 4.83682
19 13 0.0719652
21 13 -0.0624753
42 13 0.332786
46 13 0.110351
72 13 -0.0836381
88 13 -1.67004
89 13 0.632747
91 13 -0.259605
106 13 0.704724
121 13 -0.458695
122 13 -0.549674
136 13 -0.189567
161 13 -2.61741
164 13 1.11811
207 13 -0.00141401
208 13 -1.33326
209 13 -0.444913
240 13 -0.000794432
253 13 -0.00187693
2 14 0.0867679
7 14 0.0308262
14 14 4.28502
18 14 -0.138383
22 14 -0.0673933
26 14 -0.0865537
43 14 0.217627
49 14 0.133372
84 14 -1.73264
85 14 -0.149436
87 14 0.506806
102 14 -0.0181882
123 14 -0.369714
124 14 -0.331175
133 14 0.65288
157 14 0.507039
160 14 -2.03865
212 14 -0.889187
213 14 -0.0109733
214 14 -0.558258
245 14 -0.00769202
262 14 -0.0125435
0 15 0.0441283
5 15 -0.0429365
15 15 4.16172
17 15 -0.0132879
23 15 0.126884
26 15 0.138911
36 15 0.491161
49 15 -0.14661
73 15 0.0414923
75 15 0.154719
76 15 -1.01078
96 15 0.236533
126 15 -0.938112
127 15 -0.939893
132 15 0.117143
145 15 -0.650944
146 15 -0.217046
181 15 -0.0155438
182 15 -1.99991
183 15 0.558819
224 15 -0.0201062
262 15 -0.0134501
1 16 -0.162948
4 16 -0.00747178
12 16 -0.0440164
16 16 3.14528
24 16 0.0857207
33 16 0.248393
48 16 0.165084
55 16 0.0782903
79 16 -0.102073
80 16 0.0769662
82 16 0.219418
94 16 0.0364203
117 16 0.173253
129 16 -0.702454
130 16 -0.714107
151 16 -0.133606
154 16 -0.656411
170 16 -0.00292567
171 16 -0.999597
172 16 -0.666197
216 16 -0.00331339
259 16 -0.00317394
0 17 -0.196439
4 17 -0.0377343
15 17 -0.0132879
17 17 3.17767
18 17 0.248154
24 17 0.0927196
26 17 0.0993346
35 17 0.164899
73 17 0.0204211
74 17 0.2048
76 17 0.109986
94 17 0.141154
126 17 0.0523626
131 17 -0.768338
132 17 -0.782813
133 17 -0.00388312
143 17 -0.567014
146 17 -0.230402
176 17 -0.666111
177 17 -0.00334032
178 17 -0.999654
219 17 -0.00345288
2 18 -0.368899
8 18 0.0507626
14 18 -0.138383
17 18 0.248154
18 18 4.6166
25 18 0.118032
26 18 0.128001
35 18 0.165029
84 18 0.674472
86 18 -0.0873501
87 18 0.0711401
104 18 -0.223623
123 18 0.569632
132 18 -0.00406019
133 18 -1.27588
134 18 -1.28815
159 18 0.830045
160 18 -2.39764
176 18 -0.00351738
177 18 -0.666455
178 18 -1.00034
220 18 -0.00293205
3 19 -0.359903
8 19 -0.167597
13 19 0.0719652
19 19 5.09009
25 19 0.10642
34 19 0.248914
47 19 0.165735
72 19 0.0924565
88 19 -0.166789
90 19 0.798871
91 19 -0.200228
104 19 0.713772
122 19 -0.295945
135 19 -1.29184
136 19 -1.33772
163 19 -2.96164
164 19 1.17206
173 19 -0.00206107
174 19 -1.00028
175 19 -0.66654
218 19 -0.00244879
256 19 -0.00161144
1 20 -0.0525911
6 20 0.0117203
12 20 0.0811122
20 20 3.58039
28 20 0.00839674
37 20 -0.00545318
56 20 0.0697658
62 20 0.327232
78 20 -0.0261365
81 20 0.222343
82 20 0.266608
99 20 -0.869476
111 20 0.0209676
118 20 -0.711177
119 20 -0.71912
149 20 0.115391
153 20 -0.91456
185 20 -0.0113596
186 20 -0.00980876
225 20 0.0011905
227 20 -1.3339
267 20 -0.0134358
3 21 0.0513115
9 21 0.0283801
13 21 -0.0624753
21 21 4.29375
30 21 -0.117299
42 21 0.110725
57 21 -0.0452808
67 21 0.333095
88 21 -0.1195
89 21 -0.18924
92 21 0.495307
106 21 -1.43856
116 21 0.563223
120 21 -0.405997
121 21 -0.462464
161 21 0.796896
166 21 -2.05135
205 21 -0.000704806
208 21 -0.00102234
240 21 -0.444784
242 21 -1.3333
275 21 -0.000288786
2 22 -0.113073
7 22 0.08839
14 22 -0.0673933
22 22 3.97087
29 22 0.0202318
43 22 0.135081
58 22 -0.0509941
68 22 0.219125
83 22 -0.106475
84 22 0.544945
85 22 0.410845
102 22 -1.57433
114 22 0.0146211
124 22 -0.352231
125 22 -0.325564
156 22 0.335864
157 22 -1.67591
210 22 -0.00772849
212 22 -0.00877533
243 22 -0.889402
245 22 -0.557914
277 22 -0.00505789
0 23 -0.00776349
5 23 0.0532921
15 23 0.126884
23 23 4.27422
27 23 -0.0518327
36 23 -0.149166
59 23 0.113985
61 23 0.488395
75 23 0.0165503
76 23 0.100909
77 23 0.186393
96 23 -1.09561
109 23 0.27793
127 23 -0.914078
128 23 -0.919513
145 23 -0.13021
147 23 -0.787386
180 23 -0.0205716
182 23 -0.0182453
222 23 -1.99969
224 23 0.559593
265 23 -0.0260355
0 24 -0.01051
1 24 -0.0405434
4 24 -0.179335
16 24 0.0857207
17 24 0.0927196
24 24 3.15607
33 24 0.165018
35 24 0.2483
73 24 0.044798
74 24 0.093907
79 24 0.155813
80 24 0.210757
94 24 -0.03947
130 24 -0.734703
131 24 -0.747912
143 24 -0.183949
151 24 -0.606851
167 24 -0.00307874
171 24 -0.00325916
176 24 -0.00354401
216 24 -0.666154
219 24 -0.999626
2 25 -0.150677
3 25 0.0597769
8 25 -0.361871
18 25 0.118032
19 25 0.10642
25 25 4.80135
34 25 0.165409
35 25 0.248561
86 25 0.725661
87 25 0.63049
90 25 -0.122345
91 25 -0.253901
104 25 -0.0499038
134 25 -1.27566
135 25 -1.30059
159 25 -2.63221
163 25 0.975918
169 25 -0.00273497
174 25 -0.00221749
177 25 -0.00320023
218 25 -0.666498
220 25 -1.00031
0 26 -0.0354472
2 26 0.0437243
14 26 -0.0865537
15 26 0.138911
17 26 0.0993346
18 26 0.128001
26 26 4.01915
49 26 0.354602
73 26 0.12871
76 26 0.200997
84 26 -0.058333
87 26 -0.200558
123 26 -0.348641
126 26 -0.963526
132 26 -0.803024
133 26 -1.29043
146 26 -0.534989
160 26 0.715495
178 26 -0.00375511
183 26 -0.0150233
214 26 -0.0111725
262 26 -1.4445
5 27 -0.239122
10 27 0.00132279
23 27 -0.0518327
27 27 3.33223
31 27 0.048074
59 27 0.0611424
77 27 0.144969
95 27 0.0663008
96 27 0.281577
97 27 -0.0188511
109 27 -1.15018
110 27 -1.1259
128 27 0.206217
137 27 0.13204
141 27 0.242394
147 27 -0.903465
148 27 0.0158277
282 27 -0.0265089
283 27 -0.997229
284 27 0.0528848
6 28 -0.205823
10 28 -0.0585263
20 28 0.00839674
28 28 3.33409
31 28 0.0340378
56 28 0.0188302
78 28 0.0098542
97 28 0.241661
98 28 0.300691
99 28 0.0299402
111 28 -1.0135
112 28 -1.02883
119 28 -0.0395055
138 28 -0.010602
141 28 -0.0456555
149 28 0.131974
150 28 -1.01803
279 28 0.289466
285 28 0.167556
286 28 -1.13625
7 29 -0.302194
11 29 -0.0991116
22 29 0.0202318
29 29 3.90013
32 29 0.0698632
58 29 0.0860141
83 29 0.121051
100 29 0.362099
101 29 0.477088
102 29 0.0055132
113 29 -1.38323
114 29 -1.39855
125 29 -0.0898404
139 29 0.15941
142 29 -0.0805858
155 29 -1.46508
156 29 0.306345
281 29 0.306663
287 29 0.252971
288 29 -1.32009
9 30 -0.278176
11 30 0.0298704
21 30 -0.117299
30 30 4.09322
32 30 0.0522643
57 30 0.0327168
92 30 -0.0501936
100 30 -0.117145
105 30 -0.0408086
106 30 0.538148
115 30 -1.29574
116 30 -1.29701
120 30 0.438602
140 30 0.00719444
142 30 0.359136
165 30 0.460651
166 30 -1.70295
280 30 -0.109599
289 30 -1.50525
290 30 0.40503
5 31 -0.0548129
6 31 0.0046357
10 31 -0.221995
27 31 0.048074
28 31 0.0340378
31 31 3.31681
77 31 0.222251
78 31 -0.0284154
95 31 0.289423
97 31 0.0794114
98 31 0.0488127
110 31 -1.08754
112 31 -1.06713
137 31 -0.0354049
138 31 0.263415
141 31 0.0632688
148 31 -0.953908
150 31 0.0705044
283 31 0.106891
285 31 -1.05818
7 32 0.0246509
9 32 -0.106885
11 32 -0.289189
29 32 0.0698632
30 32 0.0522643
32 32 3.9677
83 32 -0.102276
92 32 0.395362
100 32 0.0407178
101 32 -0.016242
105 32 0.502559
113 32 -1.34337
115 32 -1.33494
139 32 0.329927
140 32 -0.0937303
142 32 0.0870535
155 32 0.377321
165 32 -1.56755
287 32 -1.40052
289 32 0.322949
16 33 0.248393
24 33 0.165018
33 33 3.52631
34 33 0.248675
35 33 0.16516
48 33 0.165235
53 33 0.165377
130 33 -0.00351997
167 33 -0.666798
168 33 -0.999654
169 33 -0.00276391
170 33 -0.666598
171 33 -1.0004
172 33 -0.00313225
215 33 -0.666225
216 33 -0.667171
217 33 -0.00237619
219 33 -0.00334174
258 33 -0.0025663
19 34 0.248914
25 34 0.165409
33 34 0.248675
34 34 3.52162
35 34 0.16529
47 34 0.165626
53 34 0.165507
135 34 -0.00230124
167 34 -0.00294098
168 34 -1.00034
169 34 -0.667142
173 34 -0.666254
174 34 -0.999712
175 34 -0.00191352
215 34 -0.00255326
217 34 -0.666569
218 34 -0.666827
220 34 -0.00282091
257 34 -0.00204547
17 35 0.164899
18 35 0.165029
24 35 0.2483
25 35 0.248561
33 35 0.16516
34 35 0.16529
35 35 3.52816
131 35 -0.00373582
134 35 -0.00303793
167 35 -0.666526
168 35 -0.00269492
169 35 -0.666182
176 35 -0.667214
177 35 -0.66687
178 35 -0.00362545
216 35 -0.00327056
218 35 -0.00257266
219 35 -1.00037
220 35 -0.999683
15 36 0.491161
23 36 -0.149166
36 36 5.32657
49 36 0.492333
54 36 -0.146822
60 36 0.491031
61 36 0.489859
127 36 -0.0202372
179 36 -2.00047
180 36 -2.00356
181 36 -1.99703
182 36 -2.00012
183 36 -0.0155235
221 36 -0.0162825
222 36 -0.0225636
223 36 0.558046
224 36 0.551858
261 36 -0.0139562
263 36 -0.0201761
12 37 0.328534
20 37 -0.00545318
37 37 4.09081
44 37 0.328882
50 37 -0.00475874
62 37 0.327666
63 37 0.328014
118 37 -0.010399
184 37 -1.33413
185 37 -1.33505
186 37 -1.33276
187 37 -1.33184
188 37 -0.00859791
225 37 -0.0011013
226 37 0.000732143
227 37 -0.0119498
228 37 -0.0100888
248 37 -0.00853791
266 37 -0.0116997
38 38 3.71144
44 38 0.330637
45 38 0.164373
50 38 0.108186
51 38 0.109016
64 38 0.163949
65 38 0.331044
189 38 -1.33285
190 38 -0.6673
191 38 -1.33393
192 38 -0.666183
193 38 -0.0050084
229 38 -0.445622
230 38 -0.44343
231 38 -0.00617814
232 38 -0.00392685
248 38 -0.00613685
251 38 -0.00393905
269 38 -0.00503747
39 39 3.51537
40 39 0.249022
41 39 0.165811
46 39 0.249261
47 39 0.1658
52 39 0.16593
53 39 0.16568
194 39 -0.666684
195 39 -1.00034
196 39 -0.00193636
197 39 -0.666712
198 39 -0.999712
199 39 -0.00152925
233 39 -0.667027
234 39 -0.666369
235 39 -0.00216899
237 39 -0.00150611
254 39 -0.00129662
257 39 -0.00197138
39 40 0.249022
40 40 3.52006
41 40 0.16568
45 40 0.24874
48 40 0.165409
51 40 0.165539
53 40 0.16555
194 40 -0.00175929
195 40 -0.999654
196 40 -0.66634
200 40 -0.667056
201 40 -1.0004
202 40 -0.00274798
233 40 -0.00199192
235 40 -0.666684
236 40 -0.666712
238 40 -0.00202695
251 40 -0.00251535
258 40 -0.00249221
39 41 0.165811
40 41 0.16568
41 41 3.51566
51 41 0.248995
52 41 0.249255
70 41 0.165767
71 41 0.165897
194 41 -0.666641
195 41 -0.00192639
196 41 -0.666985
203 41 -0.666412
204 41 -0.666755
234 41 -0.00149395
236 41 -0.00219185
237 41 -0.999683
238 41 -1.00037
252 41 -0.00203676
255 41 -0.00133886
272 41 -0.00161621
13 42 0.332786
21 42 0.110725
42 42 3.67628
46 42 0.165935
52 42 0.110383
66 42 0.332802
67 42 0.166293
121 42 -0.00083481
205 42 -0.666269
206 42 -1.33337
207 42 -0.667214
208 42 -1.33341
209 42 -0.00145109
239 42 -0.444977
240 42 -0.444075
241 42 -0.00141639
242 42 -0.000527145
254 42 -0.00177754
273 42 -0.000782276
14 43 0.217627
22 43 0.135081
43 43 3.5859
49 43 0.216586
54 43 0.132998
68 43 0.218213
69 43 0.217172
124 43 -0.00753589
210 43 -0.886996
211 43 -0.889746
212 43 -0.888543
213 43 -0.891293
214 43 -0.0107974
243 43 -0.00648905
244 43 -0.0120722
245 43 -0.553101
246 43 -0.558602
261 43 -0.0131191
276 43 -0.00870372
12 44 -0.0042379
37 44 0.328882
38 44 0.330637
44 44 3.89514
45 44 0.108593
50 44 0.246332
55 44 0.246794
117 44 -0.00798694
186 44 -0.00938273
187 44 -1.33482
188 44 -0.00087212
191 44 -1.33274
192 44 -0.00470571
193 44 -0.443366
226 44 -0.00928764
229 44 -0.00583088
247 44 -0.999534
248 44 -1.0007
250 44 -0.00481969
38 45 0.164373
40 45 0.24874
44 45 0.108593
45 45 3.61577
48 45 0.165257
51 45 0.24842
55 45 0.248055
191 45 -0.00525844
192 45 -0.667128
193 45 -0.445493
200 45 -0.00254141
201 45 -0.999597
202 45 -0.666655
230 45 -0.00417593
236 45 -0.00230877
247 45 -0.00536255
250 45 -1.0006
251 45 -0.999628
259 45 -0.00309985
13 46 0.110351
39 46 0.249261
42 46 0.165935
46 46 3.5973
47 46 0.165908
52 46 0.249203
72 46 0.249163
122 46 -0.00162301
197 46 -0.0016768
198 46 -1.00028
199 46 -0.666999
207 46 -0.666097
208 46 -0.00116995
209 46 -0.443946
234 46 -0.00144417
239 46 -0.00148324
253 46 -1.00005
254 46 -0.999933
256 46 -0.00153735
19 47 0.165735
34 47 0.165626
39 47 0.1658
46 47 0.165908
47 47 3.51606
53 47 0.248995
72 47 0.249212
136 47 -0.00167306
173 47 -0.66707
174 47 -0.00212488
175 47 -0.666784
197 47 -0.666612
198 47 -0.00150452
199 47 -0.666326
217 47 -0.00225464
233 47 -0.00194446
253 47 -0.00136288
256 47 -0.99974
257 47 -1.00031
16 48 0.165084
33 48 0.165235
40 48 0.165409
45 48 0.165257
48 48 3.52543
53 48 0.248734
55 48 0.248431
129 48 -0.00341262
170 48 -0.666727
171 48 -0.00316654
172 48 -0.667128
200 48 -0.666268
201 48 -0.00254619
202 48 -0.666669
215 48 -0.00259841
235 48 -0.00228823
250 48 -0.00310244
258 48 -0.999626
259 48 -1.00043
14 49 0.133372
15 49 -0.14661
26 49 0.354602
36 49 0.492333
43 49 0.216586
49 49 4.45198
54 49 0.354286
123 49 -0.011127
126 49 -0.0150437
181 49 -2.003
182 49 -0.0171374
183 49 0.552631
212 49 -0.00955678
213 49 -0.886437
214 49 -0.552758
223 49 -0.0154187
246 49 -0.0118587
261 49 -1.44497
262 49 -1.44434
37 50 -0.00475874
38 50 0.108186
44 50 0.246332
50 50 3.90453
63 50 0.328274
64 50 0.330165
107 50 0.245718
184 50 -0.0104429
187 50 -0.00889204
190 50 -0.00555901
191 50 -0.0055276
226 50 -0.00064294
228 50 -1.33482
229 50 -0.443237
231 50 -1.33279
248 50 -0.999308
249 50 -1.00087
268 50 -0.010658
270 50 -0.00688773
38 51 0.109016
40 51 0.165539
41 51 0.248995
45 51 0.24842
51 51 3.60977
65 51 0.164755
70 51 0.248718
189 51 -0.00444637
192 51 -0.00444871
196 51 -0.00200003
201 51 -0.00249062
204 51 -0.00184494
230 51 -0.445429
232 51 -0.667171
236 51 -0.666612
238 51 -0.999626
251 51 -1.00051
252 51 -0.999715
271 51 -0.00348018
39 52 0.16593
41 52 0.249255
42 52 0.110383
46 52 0.249203
52 52 3.59715
66 52 0.165927
71 52 0.249175
194 52 -0.00165626
198 52 -0.00144895
203 52 -0.00150117
206 52 -0.00113913
207 52 -0.00149041
234 52 -0.666956
237 52 -1.00031
239 52 -0.443882
241 52 -0.66614
254 52 -0.999953
255 52 -1.00002
274 52 -0.00156874
33 53 0.165377
34 53 0.165507
39 53 0.16568
40 53 0.16555
47 53 0.248995
48 53 0.248734
53 53 3.52035
168 53 -0.00260231
170 53 -0.00279022
173 53 -0.00209233
195 53 -0.00198195
197 53 -0.00178215
200 53 -0.00248005
215 53 -0.667099
217 53 -0.666755
233 53 -0.666297
235 53 -0.666641
257 53 -0.999683
258 53 -1.00037
36 54 -0.146822
43 54 0.132998
49 54 0.354286
54 54 4.46041
60 54 0.49191
69 54 0.216
108 54 0.353547
179 54 -0.0174777
181 54 -0.0151513
211 54 -0.0104787
213 54 -0.0115255
221 54 -2.00279
223 54 0.553405
244 54 -0.886652
246 54 -0.552414
260 54 -1.44544
261 54 -1.4437
264 54 -0.0166605
278 54 -0.0133912
1 55 -0.0041183
12 55 0.091663
16 55 0.0782903
44 55 0.246794
45 55 0.248055
48 55 0.248431
55 55 3.54664
79 55 0.0270499
82 55 0.0589641
117 55 -0.75013
129 55 -0.68174
154 55 -0.0784406
172 55 -0.00319129
188 55 -0.0082645
193 55 -0.00503444
202 55 -0.00288111
247 55 -1.00052
250 55 -0.999542
259 55 -0.999569
6 56 -0.0632076
20 56 0.0697658
28 56 0.0188302
56 56 3.73252
62 56 -0.00684207
78 56 0.265519
99 56 0.316464
111 56 -0.975482
119 56 -0.699497
138 56 -0.0576786
149 56 -1.10023
227 56 -0.01245
267 56 0.00141968
279 56 -0.714277
286 56 0.237057
295 56 -0.0141559
296 56 -1.3339
9 57 0.0362262
21 57 -0.0452808
30 57 0.0327168
57 57 3.92225
67 57 0.110969
92 57 -0.135447
106 57 -0.0694175
116 57 -1.25889
120 57 -0.415809
140 57 0.396643
166 57 0.561624
242 57 -0.000428162
275 57 -0.444655
280 57 -0.38021
290 57 -1.64417
305 57 -0.000256023
306 57 -1.33335
7 58 -0.093165
22 58 -0.0509941
29 58 0.0860141
58 58 3.73092
68 58 0.136367
83 58 0.335852
102 58 0.458731
114 58 -1.43877
125 58 -0.346459
139 58 -0.0694193
156 58 -1.38613
243 58 -0.00585348
277 58 -0.55757
281 58 -0.328662
288 58 0.191813
307 58 -0.00533005
308 58 -0.889617
5 59 -0.0016366
23 59 0.113985
27 59 0.0611424
59 59 4.41518
61 59 -0.152144
77 59 -0.0104729
96 59 0.082701
109 59 -1.18843
128 59 -0.893418
137 59 0.225144
147 59 -0.0335881
222 59 -0.0238868
265 59 0.560366
282 59 -0.903262
284 59 -0.949261
293 59 -0.0264457
294 59 -1.99948
36 60 0.491031
54 60 0.49191
60 60 5.33272
61 60 -0.149215
108 60 -0.147457
179 60 -1.99956
180 60 -0.0200194
221 60 -1.99724
223 60 -0.0159744
260 60 -0.0153086
263 60 0.552631
264 60 0.557272
291 60 -2.00102
292 60 -0.0178675
311 60 -2.00334
312 60 -0.0225783
23 61 0.488395
36 61 0.489859
59 61 -0.152144
60 61 -0.149215
61 61 5.37491
128 61 -0.0262771
179 61 -0.0184258
180 61 -1.99647
222 61 -2.00034
224 61 -0.0206619
263 61 0.558819
265 61 0.551084
293 61 -2.00412
294 61 -0.0288361
311 61 -0.0209848
312 61 -2.00025
20 62 0.327232
37 62 0.327666
56 62 -0.00684207
62 62 4.11424
63 62 -0.00597401
119 62 -0.0131582
184 62 -0.0108319
185 62 -1.33161
225 62 -0.011047
227 62 -1.33276
266 62 0.000961323
267 62 -0.00133048
295 62 -1.33528
296 62 -0.0148642
313 62 -1.33413
314 62 -0.0125379
37 63 0.328014
50 63 0.328274
62 63 -0.00597401
63 63 4.10174
107 63 -0.00545318
184 63 -1.33253
185 63 -0.0113041
226 63 -0.0096581
228 63 -1.33184
249 63 -0.00990828
266 63 -0.00087212
268 63 0.000502962
297 63 -1.33436
298 63 -0.0116142
313 63 -0.01301
314 63 -1.33505
38 64 0.163949
50 64 0.330165
64 64 3.72023
65 64 0.108577
107 64 0.107649
189 64 -0.00471206
190 64 -0.666011
229 64 -0.00583956
231 64 -1.33388
249 64 -0.00717157
269 64 -0.443301
270 64 -0.445751
299 64 -0.667472
300 64 -0.00735825
315 64 -1.33289
316 64 -0.00484525
38 65 0.331044
51 65 0.164755
64 65 0.108577
65 65 3.70485
70 65 0.109358
189 65 -1.33382
190 65 -0.00528811
230 65 -0.0041742
232 65 -0.66614
252 65 -0.00322117
269 65 -0.445557
271 65 -0.443495
301 65 -1.33296
302 65 -0.00331074
315 65 -0.00543117
316 65 -0.667343
42 66 0.332802
52 66 0.165927
66 66 3.67672
67 66 0.110725
71 66 0.110334
205 66 -0.000767322
206 66 -1.3333
239 66 -0.00139815
241 66 -0.667171
255 66 -0.00184091
273 66 -0.44401
274 66 -0.445042
303 66 -1.33347
304 66 -0.00158153
317 66 -0.666312
318 66 -0.000561433
21 67 0.333095
42 67 0.166293
57 67 0.110969
66 67 0.110725
67 67 3.67101
120 67 -0.00030703
205 67 -0.667042
206 67 -0.000988051
240 67 -0.000719761
242 67 -1.33337
273 67 -0.444848
275 67 -0.444204
305 67 -0.666441
306 67 -0.00014476
317 67 -0.000772294
318 67 -1.33341
22 68 0.219125
43 68 0.218213
58 68 0.136367
68 68 3.56041
69 68 0.134544
125 68 -0.0047911
210 68 -0.890734
211 68 -0.00967637
243 68 -0.888328
245 68 -0.00744196
276 68 -0.558258
277 68 -0.553445
307 68 -0.887554
308 68 -0.00426768
319 68 -0.889961
320 68 -0.00915295
43 69 0.217172
54 69 0.216
68 69 0.134544
69 69 3.59791
108 69 0.132201
210 69 -0.00825987
211 69 -0.887984
244 69 -0.891078
246 69 -0.0116086
260 69 -0.0145409
276 69 -0.552758
278 69 -0.558945
309 69 -0.890305
310 69 -0.0140175
319 69 -0.00773645
320 69 -0.887211
41 70 0.165767
51 70 0.248718
65 70 0.109358
70 70 3.60499
71 70 0.249196
203 70 -0.00156716
204 70 -0.666569
232 70 -0.00369762
238 70 -0.0019899
252 70 -1.00042
271 70 -0.445364
272 70 -0.999654
301 70 -0.00379707
302 70 -0.667214
321 70 -0.999802
322 70 -0.00148961
41 71 0.165897
52 71 0.249175
66 71 0.110334
70 71 0.249196
71 71 3.59823
203 71 -0.666913
204 71 -0.00174422
237 71 -0.00146907
241 71 -0.00152058
255 71 -0.99986
272 71 -1.00034
274 71 -0.443817
303 71 -0.00127108
304 71 -0.666183
321 71 -0.00166668
322 71 -1.00011
3 72 -0.192075
13 72 -0.0836381
19 72 0.0924565
46 72 0.249163
47 72 0.249212
72 72 5.29361
88 72 0.908536
91 72 0.83415
122 72 -0.557608
136 72 -1.3363
164 72 -3.45087
175 72 -0.00180585
199 72 -0.00149568
209 72 -0.0015605
253 72 -0.999846
256 72 -1.00026
0 73 0.0634274
4 73 0.154987
15 73 0.0414923
17 73 0.0204211
24 73 0.044798
26 73 0.12871
73 73 5.01595
74 73 -0.633662
76 73 -0.198992
94 73 0.142827
126 73 0.163006
131 73 -0.203274
132 73 -0.554217
143 73 -1.97969
146 73 -2.03625
0 74 -0.942979
4 74 -0.902841
5 74 0.0849377
10 74 0.24533
17 74 0.2048
24 74 0.093907
73 74 -0.633662
74 74 4.09414
75 74 -0.118131
93 74 -0.711486
94 74 -0.152284
95 74 -0.193354
131 74 -0.168005
143 74 -0.363126
144 74 -0.359506
0 75 0.0657775
4 75 0.0203704
5 75 0.108089
10 75 0.185059
15 75 0.154719
23 75 0.0165503
74 75 -0.118131
75 75 5.32874
76 75 -0.671779
93 75 0.161829
95 75 -0.764799
96 75 -0.111849
127 75 0.181418
144 75 -2.14428
145 75 -2.19878
0 76 -0.970808
5 76 0.239333
15 76 -1.01078
17 76 0.109986
23 76 0.100909
26 76 0.200997
73 76 -0.198992
75 76 -0.671779
76 76 4.10774
96 76 -0.218221
126 76 -0.600133
127 76 -0.164554
132 76 -0.192274
145 76 -0.259492
146 76 -0.265177
5 77 0.103685
10 77 -0.00617997
23 77 0.186393
27 77 0.144969
31 77 0.222251
59 77 -0.0104729
77 77 5.71552
95 77 -0.0229014
96 77 -0.810984
97 77 0.180876
109 77 -0.0146084
110 77 -0.921691
128 77 0.199804
147 77 -2.38085
148 77 -2.32982
6 78 -0.0294182
10 78 0.219111
20 78 -0.0261365
28 78 0.0098542
31 78 -0.0284154
56 78 0.265519
78 78 5.54346
97 78 0.161483
98 78 -0.914205
99 78 0.0902896
111 78 -1.0489
112 78 0.0932882
119 78 0.141678
149 78 -2.12876
150 78 -2.1639
1 79 -0.0604245
4 79 0.0254602
12 79 0.188512
16 79 -0.102073
24 79 0.155813
55 79 0.0270499
79 79 4.78013
80 79 -0.101526
82 79 -0.72798
94 79 0.122228
117 79 0.101274
129 79 -0.10102
130 79 -0.635542
151 79 -1.79412
154 79 -1.74879
1 80 -0.837509
4 80 -0.877678
6 80 0.25415
10 80 0.0680519
16 80 0.0769662
24 80 0.210757
79 80 -0.101526
80 80 4.11325
81 80 -0.76134
93 80 -0.067562
94 80 -0.675564
98 80 -0.168921
130 80 -0.14416
151 80 -0.46785
152 80 -0.467057
1 81 -0.0609487
4 81 0.183938
6 81 -0.0202943
10 81 -0.000171123
12 81 0.00181362
20 81 0.222343
80 81 -0.76134
81 81 5.11509
82 81 -0.0117934
93 81 0.141809
98 81 -0.0105004
99 81 -0.87174
118 81 0.121415
152 81 -1.96663
153 81 -1.9252
1 82 -0.815712
6 82 0.0500282
12 82 -0.775668
16 82 0.219418
20 82 0.266608
55 82 0.0589641
79 82 -0.72798
81 82 -0.0117934
82 82 4.17227
99 82 -0.144864
117 82 -0.0457128
118 82 -0.824153
129 82 -0.120677
153 82 -0.584519
154 82 -0.5814
7 83 0.15524
11 83 0.404451
22 83 -0.106475
29 83 0.121051
32 83 -0.102276
58 83 0.335852
83 83 7.32602
100 83 0.264579
101 83 -1.64012
102 83 0.361871
113 83 0.348752
114 83 -1.43053
125 83 0.28585
155 83 -3.13802
156 83 -3.16113
2 84 -1.69526
7 84 -0.0284054
14 84 -1.73264
18 84 0.674472
22 84 0.544945
26 84 -0.058333
84 84 6.82943
85 84 0.537802
87 84 -2.12485
102 84 -0.314303
123 84 0.636759
124 84 -1.87415
133 84 -0.337666
157 84 -0.423418
160 84 -0.578123
2 85 0.128879
7 85 0.0972802
8 85 0.501279
11 85 -0.145666
14 85 -0.149436
22 85 0.410845
84 85 0.537802
85 85 8.28207
86 85 -2.00797
101 85 0.523923
102 85 -1.73656
103 85 0.285639
124 85 0.306648
157 85 -3.49886
158 85 -3.49729
2 86 -1.70216
7 86 0.572735
8 86 -1.6658
11 86 -0.0537256
18 86 -0.0873501
25 86 0.725661
85 86 -2.00797
86 86 7.20542
87 86 0.740906
101 86 -0.290649
103 86 0.631365
104 86 -2.31043
134 86 -0.313608
158 86 -0.608679
159 86 -0.798336
2 87 0.0433994
8 87 -0.198053
14 87 0.506806
18 87 0.0711401
25 87 0.63049
26 87 -0.200558
84 87 -2.12485
86 87 0.740906
87 87 9.54081
104 87 0.306512
123 87 0.327269
133 87 0.753862
134 87 -2.48769
159 87 -3.94516
160 87 -3.91196
3 88 -1.70179
9 88 0.66578
13 88 -1.67004
19 88 -0.166789
21 88 -0.1195
72 88 0.908536
88 88 8.59286
89 88 -2.43167
91 88 1.04282
106 88 -0.244293
121 88 0.895068
122 88 -2.93201
136 88 -0.266559
161 88 -1.11926
164 88 -1.43969
3 89 -0.0816873
8 89 -0.188014
9 89 -0.108287
11 89 0.491842
13 89 0.632747
21 89 -0.18924
88 89 -2.43167
89 89 8.90271
90 89 0.746617
103 89 0.264209
105 89 -2.03424
106 89 0.744382
121 89 0.242366
161 89 -3.51959
162 89 -3.4581
3 90 -1.65405
8 90 -1.68868
9 90 -0.0833475
11 90 0.611257
19 90 0.798871
25 90 -0.122345
89 90 0.746617
90 90 7.76071
91 90 -2.56544
103 90 -2.18632
104 90 0.871313
105 90 -0.267334
135 90 -0.28993
162 90 -0.833622
163 90 -1.07434
3 91 -0.219962
8 91 0.623041
13 91 -0.259605
19 91 -0.200228
25 91 -0.253901
72 91 0.83415
88 91 1.04282
90 91 -2.56544
91 91 10.7356
104 91 0.285201
122 91 0.263263
135 91 1.03685
136 91 -3.14526
163 91 -4.00734
164 91 -4.14805
9 92 -0.0192448
11 92 -0.136234
21 92 0.495307
30 92 -0.0501936
32 92 0.395362
57 92 -0.135447
92 92 7.61009
100 92 0.242967
105 92 0.52651
106 92 -1.92923
115 92 -1.64185
116 92 0.521594
120 92 0.221048
165 92 -3.03811
166 92 -3.05527
0 93 0.16806
1 93 0.0116666
4 93 0.004018
5 93 0.00868134
6 93 0.201917
10 93 0.0455215
74 93 -0.711486
75 93 0.161829
80 93 -0.067562
81 93 0.141809
93 93 5.2025
95 93 -0.063525
98 93 -0.812059
144 93 -2.07864
152 93 -2.02988
0 94 0.0339021
1 94 0.170249
4 94 0.00287762
16 94 0.0364203
17 94 0.141154
24 94 -0.03947
73 94 0.142827
74 94 -0.152284
79 94 0.122228
80 94 -0.675564
94 94 4.88118
130 94 -0.154391
131 94 -0.590457
143 94 -1.9117
151 94 -1.86014
0 95 0.241306
4 95 0.0773684
5 95 -1.02993
10 95 -0.990593
27 95 0.0663008
31 95 0.289423
74 95 -0.193354
75 95 -0.764799
77 95 -0.0229014
93 95 -0.063525
95 95 4.31409
97 95 -0.856539
110 95 -0.218631
144 95 -0.310082
148 95 -0.32071
0 96 0.0937165
5 96 -1.05641
15 96 0.236533
23 96 -1.09561
27 96 0.281577
59 96 0.082701
75 96 -0.111849
76 96 -0.218221
77 96 -0.810984
96 96 4.31789
109 96 -0.244172
127 96 -0.727259
128 96 -0.0714417
145 96 -0.207482
147 96 -0.214627
5 97 0.201241
6 97 -0.015463
10 97 0.0391055
27 97 -0.0188511
28 97 0.241661
31 97 0.0794114
77 97 0.180876
78 97 0.161483
95 97 -0.856539
97 97 5.60612
98 97 0.0305488
110 97 0.0364911
112 97 -0.977612
148 97 -2.26743
150 97 -2.2233
1 98 0.0600291
4 98 0.24856
6 98 -0.927922
10 98 -0.967247
28 98 0.300691
31 98 0.0488127
78 98 -0.914205
80 98 -0.168921
81 98 -0.0105004
93 98 -0.812059
97 98 0.0305488
98 98 4.34832
112 98 -0.193554
150 98 -0.435903
152 98 -0.42063
1 99 0.258982
6 99 -0.908612
12 99 0.0414437
20 99 -0.869476
28 99 0.0299402
56 99 0.316464
78 99 0.0902896
81 99 -0.87174
82 99 -0.144864
99 99 4.43005
111 99 -0.168888
118 99 0.0485067
119 99 -0.987669
149 99 -0.563275
153 99 -0.541685
7 100 -0.119936
9 100 0.443609
11 100 0.0734838
29 100 0.362099
30 100 -0.117145
32 100 0.0407178
83 100 0.264579
92 100 0.242967
100 100 7.41251
101 100 0.437172
105 100 -1.76382
113 100 -1.52199
115 100 0.427391
155 100 -3.08688
165 100 -3.08033
2 101 -0.0421599
7 101 -1.52851
8 101 0.592096
11 101 -1.49005
29 101 0.477088
32 101 -0.016242
83 101 -1.64012
85 101 0.523923
86 101 -0.290649
100 101 0.437172
101 101 6.1646
103 101 -1.86401
113 101 -0.267675
155 101 -0.451503
158 101 -0.5789
2 102 0.559109
7 102 -1.53527
14 102 -0.0181882
22 102 -1.57433
29 102 0.0055132
58 102 0.458731
83 102 0.361871
84 102 -0.314303
85 102 -1.73656
102 102 5.9366
114 102 -0.290981
124 102 0.442276
125 102 -1.54553
156 102 -0.301734
157 102 -0.407495
2 103 -0.166547
3 103 0.556735
7 103 0.446094
8 103 0.0322095
9 103 -0.164761
11 103 0.00275286
85 103 0.285639
86 103 0.631365
89 103 0.264209
90 103 -2.18632
101 103 -1.86401
103 103 8.50629
105 103 0.622027
158 103 -3.45894
162 103 -3.48252
2 104 0.556485
3 104 -0.224223
8 104 -0.0743233
18 104 -0.223623
19 104 0.713772
25 104 -0.0499038
86 104 -2.31043
87 104 0.306512
90 104 0.871313
91 104 0.285201
104 104 9.99332
134 104 0.877264
135 104 -2.75773
159 104 -3.92736
163 104 -4.00172
3 105 0.638274
8 105 -0.0698371
9 105 -1.45602
11 105 -1.49343
30 105 -0.0408086
32 105 0.502559
89 105 -2.03424
90 105 -0.267334
92 105 0.52651
100 105 -1.76382
103 105 0.622027
105 105 6.50699
115 105 -0.244672
162 105 -0.784647
165 105 -0.626961
3 106 -0.103006
9 106 -1.47427
13 106 0.704724
21 106 -1.43856
30 106 0.538148
57 106 -0.0694175
88 106 -0.244293
89 106 0.744382
92 106 -1.92923
106 106 7.01562
116 106 -0.221913
120 106 0.636188
121 106 -2.26884
161 106 -1.04208
166 106 -0.839828
50 107 0.245718
63 107 -0.00545318
64 107 0.107649
107 107 3.91665
228 107 -0.0101444
231 107 -0.00649592
249 107 -0.999082
268 107 -0.000413759
270 107 -0.443108
297 107 -0.0118503
298 107 -1.33482
299 107 -0.00667273
300 107 -1.33283
323 107 -1.00105
54 108 0.353547
60 108 -0.147457
69 108 0.132201
108 108 4.47646
221 108 -0.0161054
244 108 -0.0127703
260 108 -1.44305
264 108 0.554178
278 108 -0.55207
291 108 -0.0186643
292 108 -2.00257
309 108 -0.0122469
310 108 -0.886867
324 108 -1.44591
5 109 0.0754058
23 109 0.27793
27 109 -1.15018
59 109 -1.18843
77 109 -0.0146084
96 109 -0.244172
109 109 4.60623
128 109 -0.877546
137 109 -0.977291
147 109 -0.169849
282 109 0.0330037
284 109 -0.193041
5 110 0.284312
10 110 0.0585639
27 110 -1.1259
31 110 -1.08754
77 110 -0.921691
95 110 -0.218631
97 110 0.0364911
110 110 4.62117
137 110 0.0850474
141 110 -1.03221
148 110 -0.279488
283 110 -0.308266
6 111 0.306906
20 111 0.0209676
28 111 -1.0135
56 111 -0.975482
78 111 -1.0489
99 111 -0.168888
111 111 4.80315
119 111 0.157507
138 111 0.209348
149 111 -0.531315
279 111 -1.19268
286 111 -0.577568
6 112 0.0405319
10 112 0.293671
28 112 -1.02883
31 112 -1.06713
78 112 0.0932882
97 112 -0.977612
98 112 -0.193554
112 112 4.68245
138 112 -1.1023
141 112 0.143191
150 112 -0.398853
285 112 -0.435036
7 113 -0.00621769
11 113 0.490039
29 113 -1.38323
32 113 -1.34337
83 113 0.348752
100 113 -1.52199
101 113 -0.267675
113 113 5.40928
139 113 -1.35044
142 113 0.27862
155 113 -0.446693
287 113 -0.362753
7 114 0.468204
22 114 0.0146211
29 114 -1.39855
58 114 -1.43877
83 114 -1.43053
102 114 -0.290981
114 114 5.27342
125 114 0.281176
139 114 0.214793
156 114 -0.305824
281 114 -1.28081
288 114 -0.235586
9 115 0.520416
11 115 -0.0295236
30 115 -1.29574
32 115 -1.33494
92 115 -1.64185
100 115 0.427391
105 115 -0.244672
115 115 5.62347
140 115 0.352182
142 115 -1.4404
165 115 -0.610271
289 115 -0.507698
9 116 -0.05631
21 116 0.563223
30 116 -1.29701
57 116 -1.25889
92 116 0.521594
106 116 -0.221913
116 116 5.94629
120 116 -1.80236
140 116 -1.55836
166 116 -0.806492
280 116 0.439264
290 116 -0.677578
1 117 0.01597
12 117 -0.72894
16 117 0.173253
44 117 -0.00798694
55 117 -0.75013
79 117 0.101274
82 117 -0.0457128
117 117 5.06648
129 117 -0.691727
154 117 -1.68559
188 117 -1.30083
247 117 0.0310034
1 118 0.203053
6 118 -0.010259
12 118 -0.731759
20 118 -0.711177
37 118 -0.010399
81 118 0.121415
82 118 -0.824153
99 118 0.0485067
118 118 5.2548
153 118 -1.86535
186 118 0.0404155
225 118 -1.29118
6 119 0.240913
20 119 -0.71912
28 119 -0.0395055
56 119 -0.699497
62 119 -0.0131582
78 119 0.141678
99 119 -0.987669
111 119 0.157507
119 119 5.49643
149 119 -2.07367
227 119 0.0512164
267 119 -1.28015
9 120 -0.156606
21 120 -0.405997
30 120 0.438602
57 120 -0.415809
67 120 -0.00030703
92 120 0.221048
106 120 0.636188
116 120 -1.80236
120 120 6.29311
166 120 -3.02638
242 120 -0.442974
275 120 -1.33214
3 121 -0.216088
9 121 0.553231
13 121 -0.458695
21 121 -0.462464
42 121 -0.00083481
88 121 0.895068
89 121 0.242366
106 121 -2.26884
121 121 7.02052
161 121 -3.51695
208 121 -0.44073
240 121 -1.33007
3 122 0.716368
13 122 -0.549674
19 122 -0.295945
46 122 -0.00162301
72 122 -0.557608
88 122 -2.93201
91 122 0.263263
122 122 8.08893
136 122 1.25607
164 122 -4.19272
209 122 -1.32697
253 122 -0.437445
2 123 -0.177713
14 123 -0.369714
18 123 0.569632
26 123 -0.348641
49 123 -0.011127
84 123 0.636759
87 123 0.327269
123 123 7.16996
133 123 -2.29077
160 123 -3.94468
214 123 -0.84429
262 123 -0.508214
2 124 0.459202
7 124 -0.130203
14 124 -0.331175
22 124 -0.352231
43 124 -0.00753589
84 124 -1.87415
85 124 0.306648
102 124 0.442276
124 124 6.55992
157 124 -3.54649
212 124 -0.522933
245 124 -0.858433
7 125 0.37391
22 125 -0.325564
29 125 -0.0898404
58 125 -0.346459
68 125 -0.0047911
83 125 0.28585
102 125 -1.54553
114 125 0.281176
125 125 6.08782
156 125 -3.21839
243 125 -0.534266
277 125 -0.869191
0 126 0.142095
15 126 -0.938112
17 126 0.0523626
26 126 -0.963526
49 126 -0.0150437
73 126 0.163006
76 126 -0.600133
126 126 6.16216
132 126 -0.248513
146 126 -2.10556
183 126 -1.93987
262 126 0.612543
0 127 0.0281514
5 127 0.170968
15 127 -0.939893
23 127 -0.914078
36 127 -0.0202372
75 127 0.181418
76 127 -0.164554
96 127 -0.727259
127 127 6.36202
145 127 -2.26604
182 127 0.632521
224 127 -1.91931
5 128 0.00201171
23 128 -0.919513
27 128 0.206217
59 128 -0.893418
61 128 -0.0262771
77 128 0.199804
96 128 -0.0714417
109 128 -0.877546
128 128 6.60399
147 128 -2.44527
222 128 0.655883
265 128 -1.89537
1 129 0.0673312
12 129 0.225816
16 129 -0.702454
48 129 -0.00341262
55 129 -0.68174
79 129 -0.10102
82 129 -0.120677
117 129 -0.691727
129 129 4.38532
154 129 -0.632387
172 129 -0.986792
259 129 -0.653494
1 130 0.215444
4 130 0.084855
16 130 -0.714107
24 130 -0.734703
33 130 -0.00351997
79 130 -0.635542
80 130 -0.14416
94 130 -0.154391
130 130 4.35952
151 130 -0.521406
171 130 -0.653108
216 130 -0.986333
0 131 0.1014
4 131 0.208146
17 131 -0.768338
24 131 -0.747912
35 131 -0.00373582
73 131 -0.203274
74 131 -0.168005
94 131 -0.590457
131 131 4.35292
143 131 -0.418832
176 131 -0.98544
219 131 -0.652289
0 132 0.20328
15 132 0.117143
17 132 -0.782813
18 132 -0.00406019
26 132 -0.803024
73 132 -0.554217
76 132 -0.192274
126 132 -0.248513
132 132 4.36244
133 132 -0.984113
146 132 -0.322728
178 132 -0.651036
2 133 -0.0703296
14 133 0.65288
17 133 -0.00388312
18 133 -1.27588
26 133 -1.29043
84 133 -0.337666
87 133 0.753862
123 133 -2.29077
132 133 -0.984113
133 133 6.21496
160 133 -0.622425
178 133 -0.65139
2 134 0.695761
8 134 -0.10147
18 134 -1.28815
25 134 -1.27566
35 134 -0.00303793
86 134 -0.313608
87 134 -2.48769
104 134 0.877264
134 134 6.47408
159 134 -0.864826
177 134 -0.987524
220 134 -0.654727
3 135 -0.139717
8 135 0.756019
19 135 -1.29184
25 135 -1.30059
34 135 -0.00230124
90 135 -0.28993
91 135 1.03685
104 135 -2.75773
135 135 6.86105
163 135 -1.17318
174 135 -0.657629
218 135 -0.9905
3 136 0.84386
13 136 -0.189567
19 136 -1.33772
47 136 -0.00167306
72 136 -1.3363
88 136 -0.266559
91 136 -3.14526
122 136 1.25607
136 136 7.45429
164 136 -1.58931
175 136 -0.993042
256 136 -0.660098
27 137 0.13204
31 137 -0.0354049
59 137 0.225144
109 137 -0.977291
110 137 0.0850474
137 137 6.19454
141 137 0.200103
282 137 0.218318
283 137 -2.54224
284 137 -2.58771
28 138 -0.010602
31 138 0.263415
56 138 -0.0576786
111 138 0.209348
112 138 -1.1023
138 138 6.09428
141 138 0.181368
279 138 0.162162
285 138 -2.39366
286 138 -2.36855
29 139 0.15941
32 139 0.329927
58 139 -0.0694193
113 139 -1.35044
114 139 0.214793
139 139 6.58698
142 139 0.243245
281 139 0.264746
287 139 -2.84077
288 139 -2.87752
30 140 0.00719444
32 140 -0.0937303
57 140 0.396643
115 140 0.352182
116 140 -1.55836
140 140 6.66598
142 140 0.221451
280 140 0.199409
289 140 -2.70318
290 140 -2.69413
27 141 0.242394
28 141 -0.0456555
31 141 0.0632688
110 141 -1.03221
112 141 0.143191
137 141 0.200103
138 141 0.181368
141 141 6.1148
283 141 -2.48436
285 141 -2.44761
29 142 -0.0805858
30 142 0.359136
32 142 0.0870535
113 142 0.27862
115 142 -1.4404
139 142 0.243245
140 142 0.221451
142 142 6.58793
287 142 -2.78147
289 142 -2.75637
0 143 -0.171584
4 143 -0.658244
17 143 -0.567014
24 143 -0.183949
73 143 -1.97969
74 143 -0.363126
94 143 -1.9117
131 143 -0.418832
143 143 6.56998
0 144 -0.685865
4 144 -0.0983882
5 144 -0.083305
10 144 -0.792306
74 144 -0.359506
75 144 -2.14428
93 144 -2.07864
95 144 -0.310082
144 144 6.94761
0 145 -0.146176
5 145 -0.749549
15 145 -0.650944
23 145 -0.13021
75 145 -2.19878
76 145 -0.259492
96 145 -0.207482
127 145 -2.26604
145 145 7.06977
0 146 -0.620207
15 146 -0.217046
17 146 -0.230402
26 146 -0.534989
73 146 -2.03625
76 146 -0.265177
126 146 -2.10556
132 146 -0.322728
146 146 6.69918
5 147 -0.0525214
23 147 -0.787386
27 147 -0.903465
59 147 -0.0335881
77 147 -2.38085
96 147 -0.214627
109 147 -0.169849
128 147 -2.44527
147 147 7.54328
5 148 -0.827302
10 148 -0.0023827
27 148 0.0158277
31 148 -0.953908
77 148 -2.32982
95 148 -0.32071
97 148 -2.26743
110 148 -0.279488
148 148 7.43836
6 149 -0.941654
20 149 0.115391
28 149 0.131974
56 149 -1.10023
78 149 -2.12876
99 149 -0.563275
111 149 -0.531315
119 149 -2.07367
149 149 7.43295
6 150 0.05307
10 150 -0.877715
28 150 -1.01803
31 150 0.0705044
78 150 -2.1639
97 150 -2.2233
98 150 -0.435903
112 150 -0.398853
150 150 7.39629
1 151 -0.705803
4 151 -0.122331
16 151 -0.133606
24 151 -0.606851
79 151 -1.79412
80 151 -0.46785
94 151 -1.86014
130 151 -0.521406
151 151 6.48747
1 152 -0.0461465
4 152 -0.729671
6 152 -0.846223
10 152 -0.0320284
80 152 -0.467057
81 152 -1.96663
93 152 -2.02988
98 152 -0.42063
152 152 6.87844
1 153 -0.784713
6 153 0.0247692
12 153 0.0117248
20 153 -0.91456
81 153 -1.9252
82 153 -0.584519
99 153 -0.541685
118 153 -1.86535
153 153 6.87399
1 154 -0.0683807
12 154 -0.765429
16 154 -0.656411
55 154 -0.0784406
79 154 -1.74879
82 154 -0.5814
117 154 -1.68559
129 154 -0.632387
154 154 6.46069
7 155 0.407434
11 155 -1.70813
29 155 -1.46508
32 155 0.377321
83 155 -3.13802
100 155 -3.08688
101 155 -0.451503
113 155 -0.446693
155 155 9.5507
7 156 -1.5982
22 156 0.335864
29 156 0.306345
58 156 -1.38613
83 156 -3.16113
102 156 -0.301734
114 156 -0.305824
125 156 -3.21839
156 156 9.39392
2 157 -1.94772
7 157 0.471692
14 157 0.507039
22 157 -1.67591
84 157 -0.423418
85 157 -3.49886
102 157 -0.407495
124 157 -3.54649
157 157 10.617
2 158 0.595047
7 158 -1.78508
8 158 -2.10478
11 158 0.558317
85 158 -3.49729
86 158 -0.608679
101 158 -0.5789
103 158 -3.45894
158 158 10.9427
2 159 -2.19572
8 159 0.784855
18 159 0.830045
25 159 -2.63221
86 159 -0.798336
87 159 -3.94516
104 159 -3.92736
134 159 -0.864826
159 159 12.8357
2 160 0.672916
14 160 -2.03865
18 160 -2.39764
26 160 0.715495
84 160 -0.578123
87 160 -3.91196
123 160 -3.94468
133 160 -0.622425
160 160 12.2343
3 161 0.838059
9 161 -2.12328
13 161 -2.61741
21 161 0.796896
88 161 -1.11926
89 161 -3.51959
106 161 -1.04208
121 161 -3.51695
161 161 12.3247
3 162 -2.31764
8 162 0.702189
9 162 0.663598
11 162 -1.92889
89 162 -3.4581
90 162 -0.833622
103 162 -3.48252
105 162 -0.784647
162 162 11.4775
3 163 0.927131
8 163 -2.40736
19 163 -2.96164
25 163 0.975918
90 163 -1.07434
91 163 -4.00734
104 163 -4.00172
135 163 -1.17318
163 163 13.7777
3 164 -2.7032
13 164 1.11811
19 164 1.17206
72 164 -3.45087
88 164 -1.43969
91 164 -4.14805
122 164 -4.19272
136 164 -1.58931
164 164 15.2662
9 165 -1.85361
11 165 0.491572
30 165 0.460651
32 165 -1.56755
92 165 -3.03811
100 165 -3.08033
105 165 -0.626961
115 165 -0.610271
165 165 9.84601
9 166 0.59365
21 166 -2.05135
30 166 -1.70295
57 166 0.561624
92 166 -3.05527
106 166 -0.839828
116 166 -0.806492
120 166 -3.02638
166 166 10.3371
24 167 -0.00307874
33 167 -0.666798
34 167 -0.00294098
35 167 -0.666526
167 167 4.71483
168 167 -0.655395
169 167 -0.98859
216 167 -0.987301
219 167 -0.653826
33 168 -0.999654
34 168 -1.00034
35 168 -0.00269492
53 168 -0.00260231
167 168 -0.655395
168 168 4.70906
169 168 -0.655749
215 168 -0.656356
217 168 -0.65671
25 169 -0.00273497
33 169 -0.00276391
34 169 -0.667142
35 169 -0.666182
167 169 -0.98859
168 169 -0.655749
169 169 4.71067
218 169 -0.989385
220 169 -0.655555
16 170 -0.00292567
33 170 -0.666598
48 170 -0.666727
53 170 -0.00279022
170 170 4.7124
171 170 -0.654482
172 170 -0.987884
215 170 -0.989223
258 170 -0.655954
16 171 -0.999597
24 171 -0.00325916
33 171 -1.0004
48 171 -0.00316654
130 171 -0.653108
170 171 -0.654482
171 171 4.71809
172 171 -0.654069
216 171 -0.653522
16 172 -0.666197
33 172 -0.00313225
48 172 -0.667128
55 172 -0.00319129
129 172 -0.986792
170 172 -0.987884
171 172 -0.654069
172 172 4.71726
259 172 -0.653936
19 173 -0.00206107
34 173 -0.666254
47 173 -0.66707
53 173 -0.00209233
173 173 4.6999
174 173 -0.658295
175 173 -0.992051
217 173 -0.991306
257 173 -0.658391
19 174 -1.00028
25 174 -0.00221749
34 174 -0.999712
47 174 -0.00212488
135 174 -0.657629
173 174 -0.658295
174 174 4.70142
175 174 -0.65859
218 174 -0.657334
19 175 -0.66654
34 175 -0.00191352
47 175 -0.666784
72 175 -0.00180585
136 175 -0.993042
173 175 -0.992051
174 175 -0.65859
175 175 4.69643
256 175 -0.659832
17 176 -0.666111
18 176 -0.00351738
24 176 -0.00354401
35 176 -0.667214
131 176 -0.98544
176 176 4.72317
177 176 -0.986285
178 176 -0.652381
219 176 -0.652673
17 177 -0.00334032
18 177 -0.666455
25 177 -0.00320023
35 177 -0.66687
134 177 -0.987524
176 177 -0.986285
177 177 4.719
178 177 -0.652735
220 177 -0.654402
17 178 -0.999654
18 178 -1.00034
26 178 -0.00375511
35 178 -0.00362545
132 178 -0.651036
133 178 -0.65139
176 178 -0.652381
177 178 -0.652735
178 178 4.72573
36 179 -2.00047
54 179 -0.0174777
60 179 -1.99956
61 179 -0.0184258
179 179 7.17644
180 179 0.632446
221 179 0.623076
223 179 -1.9331
263 179 -1.9228
23 180 -0.0205716
36 180 -2.00356
60 180 -0.0200194
61 180 -1.99647
179 180 0.632446
180 180 7.21394
222 180 0.641826
224 180 -1.91753
263 180 -1.91961
15 181 -0.0155438
36 181 -1.99703
49 181 -2.003
54 181 -0.0151513
181 181 7.13477
182 181 0.620918
183 181 -1.93787
223 181 -1.93886
261 181 0.613771
15 182 -1.99991
23 182 -0.0182453
36 182 -2.00012
49 182 -0.0171374
127 182 0.632521
181 182 0.620918
182 182 7.17227
183 182 -1.93468
224 182 -1.9233
15 183 0.558819
26 183 -0.0150233
36 183 -0.0155235
49 183 0.552631
126 183 -1.93987
181 183 -1.93787
182 183 -1.93468
183 183 7.13302
262 183 -1.94305
37 184 -1.33413
50 184 -0.0104429
62 184 -0.0108319
63 184 -1.33253
184 184 5.50362
185 184 0.0442719
226 184 -1.29313
228 184 0.0410634
266 184 -1.28827
20 185 -0.0113596
37 185 -1.33505
62 185 -1.33161
63 185 -0.0113041
184 185 0.0442719
185 185 5.51473
225 185 -1.28852
227 185 0.046619
266 185 -1.28733
12 186 -1.3339
20 186 -0.00980876
37 186 -1.33276
44 186 -0.00938273
118 186 0.0404155
186 186 5.48696
187 186 0.0365866
188 186 -1.29737
225 186 -1.29236
12 187 -0.00891056
37 187 -1.33184
44 187 -1.33482
50 187 -0.00889204
186 187 0.0365866
187 187 5.47584
188 187 -1.29832
226 187 -1.29697
248 187 0.0348599
12 188 0.000961323
37 188 -0.00859791
44 188 -0.00087212
55 188 -0.0082645
117 188 -1.30083
186 188 -1.29737
187 188 -1.29832
188 188 5.46819
247 188 -1.30177
38 189 -1.33285
51 189 -0.00444637
64 189 -0.00471206
65 189 -1.33382
189 189 4.96221
190 189 -0.424444
230 189 -0.649426
232 189 -0.427698
269 189 -0.647168
38 190 -0.6673
50 190 -0.00555901
64 190 -0.666011
65 190 -0.00528811
189 190 -0.424444
190 190 4.97568
229 190 -1.31054
231 190 -0.42097
269 190 -1.31268
38 191 -1.33393
44 191 -1.33274
45 191 -0.00525844
50 191 -0.0055276
191 191 4.97523
192 191 -0.424516
193 191 -0.646133
229 191 -0.64395
248 191 -0.421116
38 192 -0.666183
44 192 -0.00470571
45 192 -0.667128
51 192 -0.00444871
191 192 -0.424516
192 192 4.96214
193 192 -1.31391
230 192 -1.31608
251 192 -0.427669
38 193 -0.0050084
44 193 -0.443366
45 193 -0.445493
55 193 -0.00503444
191 193 -0.646133
192 193 -1.31391
193 193 4.96924
247 193 -1.31254
250 193 -0.646958
39 194 -0.666684
40 194 -0.00175929
41 194 -0.666641
52 194 -0.00165626
194 194 4.694
195 194 -0.659295
196 194 -0.992609
234 194 -0.9937
237 194 -0.660342
39 195 -1.00034
40 195 -0.999654
41 195 -0.00192639
53 195 -0.00198195
194 195 -0.659295
195 195 4.69795
196 195 -0.658941
233 195 -0.658719
235 195 -0.658365
39 196 -0.00193636
40 196 -0.66634
41 196 -0.666985
51 196 -0.00200003
194 196 -0.992609
195 196 -0.658941
196 196 4.69817
236 196 -0.991616
238 196 -0.658613
39 197 -0.666712
46 197 -0.0016768
47 197 -0.666612
53 197 -0.00178215
197 197 4.69435
198 197 -0.660304
199 197 -0.993588
233 197 -0.992547
257 197 -0.65916
39 198 -0.999712
46 198 -1.00028
47 198 -0.00150452
52 198 -0.00144895
197 198 -0.660304
198 198 4.69031
199 198 -0.660599
234 198 -0.66088
254 198 -0.661176
39 199 -0.00152925
46 199 -0.666999
47 199 -0.666326
72 199 -0.00149568
197 199 -0.993588
198 199 -0.660599
199 199 4.69087
253 199 -0.994283
256 199 -0.660601
40 200 -0.667056
45 200 -0.00254141
48 200 -0.666268
53 200 -0.00248005
200 200 4.70685
201 200 -0.656491
202 200 -0.989421
235 200 -0.990463
258 200 -0.656722
40 201 -1.0004
45 201 -0.999597
48 201 -0.00254619
51 201 -0.00249062
200 201 -0.656491
201 201 4.70698
202 201 -0.656078
236 201 -0.657068
251 201 -0.656655
40 202 -0.00274798
45 202 -0.666655
48 202 -0.666669
55 202 -0.00288111
200 202 -0.989421
201 202 -0.656078
202 202 4.71171
250 202 -0.988033
259 202 -0.654705
41 203 -0.666412
52 203 -0.00150117
70 203 -0.00156716
71 203 -0.666913
203 203 4.69122
204 203 -0.993377
237 203 -0.660726
255 203 -0.99432
272 203 -0.6603
41 204 -0.666755
51 204 -0.00184494
70 204 -0.666569
71 204 -0.00174422
203 204 -0.993377
204 204 4.69539
238 204 -0.658997
252 204 -0.992237
272 204 -0.659946
21 205 -0.000704806
42 205 -0.666269
66 205 -0.000767322
67 205 -0.667042
205 205 4.90068
206 205 -0.440934
240 205 -1.33048
242 205 -0.441981
273 205 -1.33023
42 206 -1.33337
52 206 -0.00113913
66 206 -1.3333
67 206 -0.000988051
205 206 -0.440934
206 206 4.90596
239 206 -0.661592
241 206 -0.439333
273 206 -0.663126
13 207 -0.00141401
42 207 -0.667214
46 207 -0.666097
52 207 -0.00149041
207 207 4.91214
208 207 -0.439277
209 207 -1.3276
239 207 -1.32739
254 207 -0.437909
13 208 -1.33326
21 208 -0.00102234
42 208 -1.33341
46 208 -0.00116995
121 208 -0.44073
207 208 -0.439277
208 208 4.90648
209 208 -0.661425
240 208 -0.663033
13 209 -0.444913
42 209 -0.00145109
46 209 -0.443946
72 209 -0.0015605
122 209 -1.32697
207 209 -1.3276
208 209 -0.661425
209 209 4.91299
253 209 -0.659792
22 210 -0.00772849
43 210 -0.886996
68 210 -0.890734
69 210 -0.00825987
210 210 4.79469
211 210 -0.519683
243 210 -0.52712
245 210 -0.858548
276 210 -0.854962
43 211 -0.889746
54 211 -0.0104787
68 211 -0.00967637
69 211 -0.887984
210 211 -0.519683
211 211 4.82802
244 211 -0.510454
246 211 -0.844714
276 211 -0.852129
14 212 -0.889187
22 212 -0.00877533
43 212 -0.888543
49 212 -0.00955678
124 212 -0.522933
212 212 4.81344
213 212 -0.514495
214 212 -0.848181
245 212 -0.855954
14 213 -0.0109733
43 213 -0.891293
49 213 -0.886437
54 213 -0.0115255
212 213 -0.514495
213 213 4.84677
214 213 -0.845348
246 213 -0.842121
261 213 -0.506266
14 214 -0.558258
26 214 -0.0111725
43 214 -0.0107974
49 214 -0.552758
123 214 -0.84429
212 214 -0.848181
213 214 -0.845348
214 214 4.84247
262 214 -0.841457
33 215 -0.666225
34 215 -0.00255326
48 215 -0.00259841
53 215 -0.667099
168 215 -0.656356
170 215 -0.989223
215 215 4.70789
217 215 -0.990141
258 215 -0.656337
16 216 -0.00331339
24 216 -0.666154
33 216 -0.667171
35 216 -0.00327056
130 216 -0.986333
167 216 -0.987301
171 216 -0.653522
216 216 4.71935
219 216 -0.653442
33 217 -0.00237619
34 217 -0.666569
47 217 -0.00225464
53 217 -0.666755
168 217 -0.65671
173 217 -0.991306
215 217 -0.990141
217 217 4.70372
257 217 -0.658066
19 218 -0.00244879
25 218 -0.666498
34 218 -0.666827
35 218 -0.00257266
135 218 -0.9905
169 218 -0.989385
174 218 -0.657334
218 218 4.70685
220 218 -0.65588
17 219 -0.00345288
24 219 -0.999626
33 219 -0.00334174
35 219 -1.00037
131 219 -0.652289
167 219 -0.653826
176 219 -0.652673
216 219 -0.653442
219 219 4.72104
18 220 -0.00293205
25 220 -1.00031
34 220 -0.00282091
35 220 -0.999683
134 220 -0.654727
169 220 -0.655555
177 220 -0.654402
218 220 -0.65588
220 220 4.71271
36 221 -0.0162825
54 221 -2.00279
60 221 -1.99724
108 221 -0.0161054
179 221 0.623076
221 221 7.14831
223 221 -1.93549
260 221 0.618383
264 221 -1.93447
23 222 -1.99969
36 222 -0.0225636
59 222 -0.0238868
61 222 -2.00034
128 222 0.655883
180 222 0.641826
222 222 7.26081
224 222 -1.91355
265 222 -1.90016
36 223 0.558046
49 223 -0.0154187
54 223 0.553405
60 223 -0.0159744
179 223 -1.9331
181 223 -1.93886
221 223 -1.93549
223 223 7.13979
261 223 -1.94125
15 224 -0.0201062
23 224 0.559593
36 224 0.551858
61 224 -0.0206619
127 224 -1.91931
180 224 -1.91753
182 224 -1.9233
222 224 -1.91355
224 224 7.21479
12 225 -0.0106765
20 225 0.0011905
37 225 -0.0011013
62 225 -0.011047
118 225 -1.29118
185 225 -1.28852
186 225 -1.29236
225 225 5.50708
227 225 -1.28734
37 226 0.000732143
44 226 -0.00928764
50 226 -0.00064294
63 226 -0.0096581
184 226 -1.29313
187 226 -1.29697
226 226 5.48486
228 226 -1.29384
248 226 -1.29768
20 227 -1.3339
37 227 -0.0119498
56 227 -0.01245
62 227 -1.33276
119 227 0.0512164
185 227 0.046619
225 227 -1.28734
227 227 5.52862
267 227 -1.28156
37 228 -0.0100888
50 228 -1.33482
63 228 -1.33184
107 228 -0.0101444
184 228 0.0410634
226 228 -1.29384
228 228 5.49529
249 228 0.0401053
268 228 -1.29173
38 229 -0.445622
44 229 -0.00583088
50 229 -0.443237
64 229 -0.00583956
190 229 -1.31054
191 229 -0.64395
229 229 4.98226
231 229 -0.642631
248 229 -1.3094
38 230 -0.44343
45 230 -0.00417593
51 230 -0.445429
65 230 -0.0041742
189 230 -0.649426
192 230 -1.31608
230 230 4.95569
232 230 -1.31713
251 230 -0.650437
38 231 -0.00617814
50 231 -1.33279
64 231 -1.33388
107 231 -0.00649592
190 231 -0.42097
229 231 -0.642631
231 231 4.99033
249 231 -0.417109
270 231 -0.639899
38 232 -0.00392685
51 232 -0.667171
65 232 -0.66614
70 232 -0.00369762
189 232 -0.427698
230 232 -1.31713
232 232 4.9499
252 232 -0.430607
271 232 -1.31898
39 233 -0.667027
40 233 -0.00199192
47 233 -0.00194446
53 233 -0.666297
195 233 -0.658719
197 233 -0.992547
233 233 4.69817
235 233 -0.991678
257 233 -0.658835
39 234 -0.666369
41 234 -0.00149395
46 234 -0.00144417
52 234 -0.666956
194 234 -0.9937
198 234 -0.66088
234 234 4.69018
237 234 -0.660667
254 234 -0.994518
39 235 -0.00216899
40 235 -0.666684
48 235 -0.00228823
53 235 -0.666641
195 235 -0.658365
200 235 -0.990463
233 235 -0.991678
235 235 4.70233
258 235 -0.657106
40 236 -0.666712
41 236 -0.00219185
45 236 -0.00230877
51 236 -0.666612
196 236 -0.991616
201 236 -0.657068
236 236 4.70268
238 236 -0.658229
251 236 -0.990352
39 237 -0.00150611
41 237 -0.999683
52 237 -1.00031
71 237 -0.00146907
194 237 -0.660342
203 237 -0.660726
234 237 -0.660667
237 237 4.69048
255 237 -0.661051
40 238 -0.00202695
41 238 -1.00037
51 238 -0.999626
70 238 -0.0019899
196 238 -0.658613
204 238 -0.658997
236 238 -0.658229
238 238 4.69882
252 238 -0.658613
42 239 -0.444977
46 239 -0.00148324
52 239 -0.443882
66 239 -0.00139815
206 239 -0.661592
207 239 -1.32739
239 239 4.91194
241 239 -1.3277
254 239 -0.660145
13 240 -0.000794432
21 240 -0.444784
42 240 -0.444075
67 240 -0.000719761
121 240 -1.33007
205 240 -1.33048
208 240 -0.663033
240 240 4.90101
242 240 -0.664173
42 241 -0.00141639
52 241 -0.66614
66 241 -0.667171
71 241 -0.00152058
206 241 -0.439333
239 241 -1.3277
241 241 4.9124
255 241 -0.437721
274 241 -1.32715
21 242 -1.3333
42 242 -0.000527145
57 242 -0.000428162
67 242 -1.33337
120 242 -0.442974
205 242 -0.441981
240 242 -0.664173
242 242 4.89658
275 242 -0.665233
22 243 -0.889402
43 243 -0.00648905
58 243 -0.00585348
68 243 -0.888328
125 243 -0.534266
210 243 -0.52712
243 243 4.76552
245 243 -0.861027
277 243 -0.867066
43 244 -0.0120722
54 244 -0.886652
69 244 -0.891078
108 244 -0.0127703
211 244 -0.510454
244 244 4.86552
246 244 -0.841527
260 244 -0.500933
278 244 -0.836566
14 245 -0.00769202
22 245 -0.557914
43 245 -0.553101
68 245 -0.00744196
124 245 -0.858433
210 245 -0.858548
212 245 -0.855954
243 245 -0.861027
245 245 4.78778
43 246 -0.558602
49 246 -0.0118587
54 246 -0.552414
69 246 -0.0116086
211 246 -0.844714
213 246 -0.842121
244 246 -0.841527
246 246 4.85445
261 246 -0.838933
12 247 -0.00751477
44 247 -0.999534
45 247 -0.00536255
55 247 -1.00052
117 247 0.0310034
188 247 -1.30177
193 247 -1.31254
247 247 5.21426
250 247 -0.42408
37 248 -0.00853791
38 248 -0.00613685
44 248 -1.0007
50 248 -0.999308
187 248 0.0348599
191 248 -0.421116
226 248 -1.29768
229 248 -1.3094
248 248 5.22858
50 249 -1.00087
63 249 -0.00990828
64 249 -0.00717157
107 249 -0.999082
228 249 0.0401053
231 249 -0.417109
249 249 5.24776
268 249 -1.2922
270 249 -1.30521
44 250 -0.00481969
45 250 -1.0006
48 250 -0.00310244
55 250 -0.999542
193 250 -0.646958
202 250 -0.988033
247 250 -0.42408
250 250 4.84136
259 250 -0.654262
38 251 -0.00393905
40 251 -0.00251535
45 251 -0.999628
51 251 -1.00051
192 251 -0.427669
201 251 -0.656655
230 251 -0.650437
236 251 -0.990352
251 251 4.82961
41 252 -0.00203676
51 252 -0.999715
65 252 -0.00322117
70 252 -1.00042
204 252 -0.992237
232 252 -0.430607
238 252 -0.658613
252 252 4.82003
271 252 -0.653264
13 253 -0.00187693
46 253 -1.00005
47 253 -0.00136288
72 253 -0.999846
122 253 -0.437445
199 253 -0.994283
209 253 -0.659792
253 253 4.8036
256 253 -0.660866
39 254 -0.00129662
42 254 -0.00177754
46 254 -0.999933
52 254 -0.999953
198 254 -0.661176
207 254 -0.437909
234 254 -0.994518
239 254 -0.660145
254 254 4.80227
41 255 -0.00133886
52 255 -1.00002
66 255 -0.00184091
71 255 -0.99986
203 255 -0.99432
237 255 -0.661051
241 255 -0.437721
255 255 4.80311
274 255 -0.659847
19 256 -0.00161144
46 256 -0.00153735
47 256 -0.99974
72 256 -1.00026
136 256 -0.660098
175 256 -0.659832
199 256 -0.660601
253 256 -0.660866
256 256 4.69187
34 257 -0.00204547
39 257 -0.00197138
47 257 -1.00031
53 257 -0.999683
173 257 -0.658391
197 257 -0.65916
217 257 -0.658066
233 257 -0.658835
257 257 4.69882
33 258 -0.0025663
40 258 -0.00249221
48 258 -0.999626
53 258 -1.00037
170 258 -0.655954
200 258 -0.656722
215 258 -0.656337
235 258 -0.657106
258 258 4.70715
16 259 -0.00317394
45 259 -0.00309985
48 259 -1.00043
55 259 -0.999569
129 259 -0.653494
172 259 -0.653936
202 259 -0.654705
250 259 -0.654262
259 259 4.71687
54 260 -1.44544
60 260 -0.0153086
69 260 -0.0145409
108 260 -1.44305
221 260 0.618383
244 260 -0.500933
260 260 6.01632
264 260 -1.93606
278 260 -0.833025
36 261 -0.0139562
43 261 -0.0131191
49 261 -1.44497
54 261 -1.4437
181 261 0.613771
213 261 -0.506266
223 261 -1.94125
246 261 -0.838933
261 261 5.99434
14 262 -0.0125435
15 262 -0.0134501
26 262 -1.4445
49 262 -1.44434
123 262 -0.508214
126 262 0.612543
183 262 -1.94305
214 262 -0.841457
262 262 5.9859
36 263 -0.0201761
60 263 0.552631
61 263 0.558819
179 263 -1.9228
180 263 -1.91961
263 263 7.21636
311 263 -1.91646
312 263 -1.91327
54 264 -0.0166605
60 264 0.557272
108 264 0.554178
221 264 -1.93447
260 264 -1.93606
264 264 7.16011
291 264 -1.92813
292 264 -1.92972
23 265 -0.0260355
59 265 0.560366
61 265 0.551084
128 265 -1.89537
222 265 -1.90016
265 265 7.31011
293 265 -1.89382
294 265 -1.88903
37 266 -0.0116997
62 266 0.000961323
63 266 -0.00087212
184 266 -1.28827
185 266 -1.28733
266 266 5.52375
313 266 -1.2831
314 266 -1.28404
20 267 -0.0134358
56 267 0.00141968
62 267 -0.00133048
119 267 -1.28015
227 267 -1.28156
267 267 5.55153
295 267 -1.27733
296 267 -1.27592
50 268 -0.010658
63 268 0.000502962
107 268 -0.000413759
228 268 -1.29173
249 268 -1.2922
268 268 5.50708
297 268 -1.2875
298 268 -1.28797
38 269 -0.00503747
64 269 -0.443301
65 269 -0.445557
189 269 -0.647168
190 269 -1.31268
269 269 4.96976
315 269 -0.645663
316 269 -1.3135
50 270 -0.00688773
64 270 -0.445751
107 270 -0.443108
231 270 -0.639899
249 270 -1.30521
270 270 4.99944
299 270 -1.30613
300 270 -0.638088
51 271 -0.00348018
65 271 -0.443495
70 271 -0.445364
232 271 -1.31898
252 271 -0.653264
271 271 4.94476
301 271 -0.652067
302 271 -1.31971
41 272 -0.00161621
70 272 -0.999654
71 272 -1.00034
203 272 -0.6603
204 272 -0.659946
272 272 4.69239
321 272 -0.660138
322 272 -0.660492
42 273 -0.000782276
66 273 -0.44401
67 273 -0.444848
205 273 -1.33023
206 273 -0.663126
273 273 4.90101
317 273 -1.33032
318 273 -0.66408
52 274 -0.00156874
66 274 -0.445042
71 274 -0.443817
241 274 -1.32715
255 274 -0.659847
274 274 4.91351
303 274 -0.661109
304 274 -1.32715
21 275 -0.000288786
57 275 -0.444655
67 275 -0.444204
120 275 -1.33214
242 275 -0.665233
275 275 4.89319
305 275 -1.33232
306 275 -0.665879
43 276 -0.00870372
68 276 -0.558258
69 276 -0.552758
210 276 -0.854962
211 276 -0.852129
276 276 4.80497
319 276 -0.856259
320 276 -0.853426
22 277 -0.00505789
58 277 -0.55757
68 277 -0.553445
125 277 -0.869191
243 277 -0.867066
277 277 4.74663
307 277 -0.868363
308 277 -0.870488
54 278 -0.0133912
69 278 -0.558945
108 278 -0.55207
244 278 -0.836566
260 278 -0.833025
278 278 4.87997
309 278 -0.837863
310 278 -0.834321
28 279 0.289466
56 279 -0.714277
111 279 -1.19268
138 279 0.162162
279 279 5.8084
286 279 -2.32035
296 279 0.0634062
30 280 -0.109599
57 280 -0.38021
116 280 0.439264
140 280 0.199409
280 280 5.7764
290 280 -2.64975
306 280 -0.444176
29 281 0.306663
58 281 -0.328662
114 281 -1.28081
139 281 0.264746
281 281 5.71916
288 281 -2.9411
308 281 -0.542214
27 282 -0.0265089
59 282 -0.903262
109 282 0.0330037
137 282 0.218318
282 282 6.89605
284 282 -2.64826
294 282 0.682632
27 283 -0.997229
31 283 0.106891
110 283 -0.308266
137 283 -2.54224
141 283 -2.48436
283 283 8.07125
27 284 0.0528848
59 284 -0.949261
109 284 -0.193041
137 284 -2.58771
282 284 -2.64826
284 284 8.14295
28 285 0.167556
31 285 -1.05818
112 285 -0.435036
138 285 -2.39366
141 285 -2.44761
285 285 8.07786
28 286 -1.13625
56 286 0.237057
111 286 -0.577568
138 286 -2.36855
279 286 -2.32035
286 286 8.18552
29 287 0.252971
32 287 -1.40052
113 287 -0.362753
139 287 -2.84077
142 287 -2.78147
287 287 8.51058
29 288 -1.32009
58 288 0.191813
114 288 -0.235586
139 288 -2.87752
281 288 -2.9411
288 288 8.45966
30 289 -1.50525
32 289 0.322949
115 289 -0.507698
140 289 -2.70318
142 289 -2.75637
289 289 8.65973
30 290 0.40503
57 290 -1.64417
116 290 -0.677578
140 290 -2.69413
280 290 -2.64975
290 290 8.94188
60 291 -2.00102
108 291 -0.0186643
264 291 -1.92813
291 291 7.19415
292 291 0.628619
311 291 0.635757
60 292 -0.0178675
108 292 -2.00257
264 292 -1.92972
291 292 0.628619
292 292 7.1754
324 292 0.626382
59 293 -0.0264457
61 293 -2.00412
265 293 -1.89382
293 293 7.30665
294 293 0.666119
312 293 0.654507
59 294 -1.99948
61 294 -0.0288361
265 294 -1.88903
282 294 0.682632
293 294 0.666119
294 294 7.3629
56 295 -0.0141559
62 295 -1.33528
267 295 -1.27733
295 295 5.55918
296 295 0.0580403
313 295 0.0550729
56 296 -1.3339
62 296 -0.0148642
267 296 -1.27592
279 296 0.0634062
295 296 0.0580403
296 296 5.57584
63 297 -1.33436
107 297 -0.0118503
268 297 -1.2875
297 297 5.52584
298 297 0.0469292
314 297 0.0495173
63 298 -0.0116142
107 298 -1.33482
268 298 -1.28797
297 298 0.0469292
298 298 5.52029
323 298 0.0467395
64 299 -0.667472
107 299 -0.00667273
270 299 -1.30613
299 299 4.99339
300 299 -0.416382
315 299 -0.420178
64 300 -0.00735825
107 300 -1.33283
270 300 -0.638088
299 300 -0.416382
300 300 5.0096
323 300 -0.412062
65 301 -1.33296
70 301 -0.00379707
271 301 -0.652067
301 301 4.95179
302 301 -0.430229
316 301 -0.427122
65 302 -0.00331074
70 302 -0.667214
271 302 -1.31971
301 302 -0.430229
302 302 4.94026
321 302 -0.432894
66 303 -1.33347
71 303 -0.00127108
274 303 -0.661109
303 303 4.90804
304 303 -0.438739
317 303 -0.440486
66 304 -0.00158153
71 304 -0.666183
274 304 -1.32715
303 304 -0.438739
304 304 4.91526
322 304 -0.436883
57 305 -0.000256023
67 305 -0.666441
275 305 -1.33232
305 305 4.89339
306 305 -0.443643
318 305 -0.442917
57 306 -1.33335
67 306 -0.00014476
275 306 -0.665879
280 306 -0.444176
305 306 -0.443643
306 306 4.89085
58 307 -0.00533005
68 307 -0.887554
277 307 -0.868363
307 307 4.75615
308 307 -0.53636
319 307 -0.529714
58 308 -0.889617
68 308 -0.00426768
277 308 -0.870488
281 308 -0.542214
307 308 -0.53636
308 308 4.73115
69 309 -0.890305
108 309 -0.0122469
278 309 -0.837863
309 309 4.85615
310 309 -0.503027
320 309 -0.513048
69 310 -0.0140175
108 310 -0.886867
278 310 -0.834321
309 310 -0.503027
310 310 4.89781
324 310 -0.492214
60 311 -2.00334
61 311 -0.0209848
263 311 -1.91646
291 311 0.635757
311 311 7.22227
312 311 0.642682
60 312 -0.0225783
61 312 -2.00025
263 312 -1.91327
293 312 0.654507
311 312 0.642682
312 312 7.25977
62 313 -1.33413
63 313 -0.01301
266 313 -1.2831
295 313 0.0550729
313 313 5.54529
314 313 0.0510958
62 314 -0.0125379
63 314 -1.33505
266 314 -1.28404
297 314 0.0495173
313 314 0.0510958
314 314 5.53418
64 315 -1.33289
65 315 -0.00543117
269 315 -0.645663
299 315 -0.420178
315 315 4.97835
316 315 -0.423892
64 316 -0.00484525
65 316 -0.667343
269 316 -1.3135
301 316 -0.427122
315 316 -0.423892
316 316 4.96448
66 317 -0.666312
67 317 -0.000772294
273 317 -1.33032
303 317 -0.440486
317 317 4.90198
318 317 -0.441777
66 318 -0.000561433
67 318 -1.33341
273 318 -0.66408
305 318 -0.442917
317 318 -0.441777
318 318 4.8971
68 319 -0.889961
69 319 -0.00773645
276 319 -0.856259
307 319 -0.529714
319 319 4.78531
320 319 -0.521777
68 320 -0.00915295
69 320 -0.887211
276 320 -0.853426
309 320 -0.513048
319 320 -0.521777
320 320 4.81865
70 321 -0.999802
71 321 -0.00166668
272 321 -0.660138
302 321 -0.432894
321 321 4.81262
322 321 -0.993687
70 322 -0.00148961
71 322 -1.00011
272 322 -0.660492
304 322 -0.436883
321 322 -0.993687
322 322 4.80612
107 323 -1.00105
298 323 0.0467395
300 323 -0.412062
323 323 5.2718
108 324 -1.44591
292 324 0.626382
310 324 -0.492214
324 324 6.05184
325 325 1
326 326 1
327 327 1
328 328 1
329 329 1
330 330 1
331 331 1
332 332 1
333 333 1
334 334 1
335 335 1
336 336 1
337 337 1
338 338 1
339 339 1
340 340 1
341 341 1
342 342 1
343 343 1
344 344 1
345 345 1
346 346 1
347 347 1
348 348 1
349 349 1
350 350 1
351 351 1
352 352 1
353 353 1
354 354 1
355 355 1
356 356 1
357 357 1
358 358 1
359 359 1
360 360 1
361 361 1
362 362 1
363 363 1
364 364 1
365 365 1
366 366 1
367 367 1
368 368 1
369 369 1
370 370 1
371 371 1
372 372 1
373 373 1
374 374 1
375 375 1
376 376 1
377 377 1
378 378 1
379 379 1
380 380 1
0.250969
0.0581172
-0.0111034
0.00154847
0.145357
0.83409
0.286691
-0.00227456
-0.00339883
0.00580076
0.52119
0.00361094
0.0180781
0.00326063
-0.00421383
0.293033
-0.00798612
0.0215525
-0.00695451
-0.00178929
0.112471
0.00371431
0.00887092
0.905791
0.00782082
-0.00521807
0.0189899
2.05409
0.779964
0.00446237
0.00669662
1.31339
0.00689693
-0.00174509
-0.00056134
-0.00249311
-0.263593
-0.0428302
0.00102039
0.000638254
0.000247958
0.000745316
0.00214132
-0.00270135
-0.0211918
0.00586213
-0.000398055
0.000429049
-0.00101276
-0.135295
-0.018102
0.00602114
-0.00063051
-0.000126918
-0.125905
-0.00797465
0.316938
0.00288548
0.012552
2.17419
-0.250559
-0.52906
-0.0858816
-0.0492841
-0.00274517
0.000336536
0.00216248
0.00185601
0.00670064
-0.00363975
0.00463721
-0.000920449
0.000264185
0.25692
0.394555
1.03773
0.621445
2.80901
1.03388
0.0296299
0.201542
0.324866
0.0463485
0.00289433
-0.0303634
-0.013533
-0.0142477
-0.0191039
0.00541777
0.00764897
-0.00152187
-0.00218392
0.0128868
0.635392
0.137295
1.34681
2.06184
1.78293
0.800662
0.399054
0.0110445
0.00177648
-0.014937
0.000475286
-0.0117819
0.00971025
0.0115598
-0.00826
-0.101546
5.07808
3.34444
1.17573
2.07502
0.0116762
0.00295475
0.0137984
0.0116457
-0.116943
0.101676
0.780837
0.0201853
0.0195341
0.00803628
-0.0257877
-0.0975112
-0.0454108
0.494026
2.34612
6.93277
-0.0605226
-0.0111602
0.0318185
0.0598878
0.0235687
-0.015407
-0.0164943
-0.00593121
6.19775
2.40512
0.0093536
0.0104629
3.98046
0.012234
0.39336
1.66345
2.56662
0.635522
6.94374
4.56142
1.52233
2.792
0.165333
0.95153
0.413364
-0.0324762
0.0146969
-0.0105168
-0.0468548
-0.0123074
-0.0315038
-0.029531
0.0175163
0.00876824
-0.0136599
0.00206211
0.0244276
0.0238978
-0.0162708
-0.0252565
-0.0207199
-0.039623
-0.0272552
-0.0472258
-0.0194695
-0.0196498
-0.0134424
0.016448
-0.00461729
0.0244423
0.458752
2.45255
0.212137
1.5661
0.567601
-0.476932
-0.144336
-0.134593
-0.349276
-0.227487
-0.193311
-0.268656
-0.246928
-0.175207
-0.187052
-0.0242342
-0.0317935
-0.0392517
-0.0150147
-0.00803894
-0.0060863
-0.0533978
-0.0653514
-0.0701102
-0.0234859
-0.0382275
0.0266835
0.0179589
0.013909
0.02459
0.0152167
-0.273454
-0.446408
-0.22115
-0.336835
-0.166067
-0.0328584
-0.0101554
-0.025718
-0.0222477
0.00524267
-0.0188365
-0.591043
5.92297
-0.193939
3.18861
0.0591363
-0.488825
0.441202
-0.626916
-0.306195
-0.155021
-0.360036
-0.132596
-0.0259
-0.0118482
-0.0384762
-0.0570634
-0.0170717
-0.0473383
0.010044
0.0296398
0.00364147
0.0301991
-0.14527
-0.675513
-0.196636
-0.507756
-0.201324
-0.376534
-0.5479
-0.117799
-0.103276
-0.0740801
0.00307217
-0.000318952
-0.0120164
-0.00606656
-0.0215238
-0.0420777
-0.0676873
-0.909155
-0.395558
0.113555
1.617
-0.991571
9.93146
-0.384344
1.04403
-0.761792
-0.223661
-0.391487
-0.109386
-0.0304224
0.0212583
-0.00484588
0.0269079
-0.341981
-0.0931383
-0.783101
2.32065
0.00993637
-0.00935911
16.5345
10.1062
15.3375
6.32952
3.68781
0.0221341
0.00997713
0.0230752
0.0162758
-0.750515
-1.28647
8.51994
16.0531
0.719378
2.01714
-0.864468
-0.85317
-0.306865
-0.385116
-0.129831
-0.0895045
0.00165511
-0.0150438
0.0221017
0.0197295
-0.135604
-0.0578924
-0.565387
-0.785699
0.770123
3.73019
-0.123777
-0.639668
-0.236973
-0.179627
0.0133316
0.019966
-0.244128
-0.381861
-0.0494293
-0.0288766
-0.586458
-1.07802
0
0
0
0
0
0
0
0
0
0
0
0
0
0
0
0
0
0
0
0
0
0
0
0
0
0
0
0
0
0
0
0
0
0
0
0
0
0
0
0
0
0
0
0
0
0
0
0
0
0
0
0
0
0
0
0
