3937
381 381
0 0 2.87617
4 0 0.0372495
5 0 -0.209563
10 0 -0.0463658
15 0 0.0514063
17 0 -0.190647
23 0 -0.00879629
24 0 -0.0111797
26 0 -0.0362361
73 0 0.0500568
74 0 -0.956328
75 0 0.0524019
76 0 -0.984155
93 0 0.169606
94 0 0.0354475
95 0 0.243201
96 0 0.0956112
126 0 0.143913
127 0 0.0299705
131 0 0.102845
132 0 0.204724
143 0 -0.17492
144 0 -0.689202
145 0 -0.149513
146 0 -0.623543
1 1 2.83496
4 1 0.0225934
6 1 -0.178096
10 1 -0.00253837
12 1 0.00730722
16 1 -0.158647
20 1 -0.0532323
24 1 -0.0411201
55 1 -0.0046246
79 1 -0.0702627
80 1 -0.847323
81 1 -0.0707909
82 1 -0.825528
93 1 0.0129922
94 1 0.171574
98 1 0.0614064
99 1 0.260359
117 1 0.0171201
118 1 0.204204
129 1 0.0684041
130 1 0.216516
151 1 -0.708258
152 1 -0.0486015
153 1 -0.787169
154 1 -0.0708353
2 2 5.03156
7 2 -0.331998
8 2 0.0677001
11 2 0.0361547
14 2 0.0884394
18 2 -0.367291
22 2 -0.113236
25 2 -0.150834
26 2 0.0434693
84 2 -1.69781
85 2 0.126305
86 2 -1.70471
87 2 0.0408209
101 2 -0.0419212
102 2 0.559347
103 2 -0.166302
104 2 0.556731
123 2 -0.177295
124 2 0.45962
133 2 -0.0699312
134 2 0.69616
157 2 -1.94836
158 2 0.594409
159 2 -2.19636
160 2 0.672278
3 3 5.67663
8 3 0.043931
9 3 -0.314333
11 3 -0.132651
13 3 0.0154366
19 3 -0.359432
21 3 0.0513101
25 3 0.0596901
72 3 -0.192114
88 3 -1.70237
89 3 -0.0822841
90 3 -1.65463
91 3 -0.220563
103 3 0.556857
104 3 -0.2241
105 3 0.638302
106 3 -0.102978
121 3 -0.216047
122 3 0.71641
135 3 -0.139602
136 3 0.843975
161 3 0.837914
162 3 -2.31778
163 3 0.926986
164 3 -2.70335
0 4 0.0372495
1 4 0.0225934
4 4 2.84512
5 4 -0.00580226
6 4 -0.0493955
10 4 -0.193526
16 4 -0.00804851
17 4 -0.038404
24 4 -0.174386
73 4 0.156532
74 4 -0.914224
75 4 0.0219163
79 4 0.0267853
80 4 -0.889064
81 4 0.185263
93 4 -0.00739489
94 4 -0.00853082
95 4 0.0789792
98 4 0.250171
130 4 0.0860893
131 4 0.20938
143 4 -0.66109
144 4 -0.101235
151 4 -0.125177
152 4 -0.732519
0 5 -0.209563
4 5 -0.00580226
5 5 3.03673
10 5 0.0481279
15 5 -0.0439693
23 5 0.0625398
27 5 -0.229739
31 5 -0.0558924
59 5 -0.00291422
74 5 0.0868326
75 5 0.0910904
76 5 0.241228
77 5 0.086681
93 5 0.0106411
95 5 -1.04689
96 5 -1.07337
97 5 0.203202
109 5 0.0777475
110 5 0.286654
127 5 0.17328
128 5 0.00432449
144 5 -0.0875477
145 5 -0.753791
147 5 -0.0567648
148 5 -0.831546
1 6 -0.178096
4 6 -0.0493955
6 6 3.02131
10 6 0.0331281
12 6 0.00106935
20 6 0.0173719
28 6 -0.199149
31 6 0.00372526
56 6 -0.0639746
78 6 -0.0416624
80 6 0.255528
81 6 -0.0325346
82 6 0.0514057
93 6 0.203579
97 6 -0.0137997
98 6 -0.940129
99 6 -0.920821
111 6 0.308572
112 6 0.0421973
118 6 -0.00884477
119 6 0.242327
149 6 -0.94471
150 6 0.0500149
152 6 -0.849278
153 6 0.0217146
2 7 -0.331998
7 7 4.38491
8 7 -0.121532
11 7 0.0711861
14 7 0.0306631
22 7 0.0893341
29 7 -0.301833
32 7 0.0246296
58 7 -0.093242
83 7 0.153952
84 7 -0.0281669
85 7 0.0959865
86 7 0.572974
100 7 -0.119831
101 7 -1.52979
102 7 -1.53655
103 7 0.4462
113 7 -0.00612997
114 7 0.468291
124 7 -0.129968
125 7 0.374144
155 7 0.407118
156 7 -1.59851
157 7 0.471374
158 7 -1.7854
2 8 0.0677001
3 8 0.043931
7 8 -0.121532
8 8 5.28505
9 8 0.042835
11 8 -0.321727
18 8 0.0506049
19 8 -0.167684
25 8 -0.36093
85 8 0.501524
86 8 -1.66719
87 8 -0.197807
89 8 -0.187892
90 8 -1.69007
91 8 0.623164
101 8 0.592209
103 8 0.0308046
104 8 -0.0757327
105 8 -0.0697246
134 8 -0.101238
135 8 0.756251
158 8 -2.10512
159 8 0.784508
162 8 0.701843
163 8 -2.40771
3 9 -0.314333
8 9 0.042835
9 9 4.75018
11 9 0.051122
13 9 -0.14805
21 9 0.0282414
30 9 -0.278393
32 9 -0.10687
57 9 0.0362605
88 9 0.665808
89 9 -0.10817
90 9 -0.0833198
92 9 -0.019124
100 9 0.443626
103 9 -0.164743
105 9 -1.45589
106 9 -1.47414
115 9 0.520359
116 9 -0.0563662
120 9 -0.156642
121 9 0.553196
161 9 -2.12325
162 9 0.663631
165 9 -1.85358
166 9 0.593684
0 10 -0.0463658
1 10 -0.00253837
4 10 -0.193526
5 10 0.0481279
6 10 0.0331281
10 10 3.01662
27 10 0.000243273
28 10 -0.0594368
31 10 -0.214076
74 10 0.246941
75 10 0.187018
77 10 -0.00421966
78 10 0.220774
80 10 0.0696629
81 10 0.0014916
93 10 0.0311097
95 10 -1.00497
97 10 0.0246892
98 10 -0.981626
110 10 0.06054
112 10 0.295647
144 10 -0.795902
148 10 -0.00598005
150 10 -0.881312
152 10 -0.0356251
2 11 0.0361547
3 11 -0.132651
7 11 0.0711861
8 11 -0.321727
9 11 0.051122
11 11 4.5249
29 11 -0.0991329
30 11 0.0298851
32 11 -0.289189
83 11 0.404556
85 11 -0.14556
86 11 -0.0536134
89 11 0.491859
90 11 0.61137
92 11 -0.136217
100 11 0.0730535
101 11 -1.49047
103 11 0.00231819
105 11 -1.49385
113 11 0.490037
115 11 -0.0295258
155 11 -1.70824
158 11 0.558214
162 11 -1.929
165 11 0.491469
1 12 0.00730722
6 12 0.00106935
12 12 3.41504
16 12 -0.0445227
20 12 0.0858196
37 12 0.332639
44 12 -0.000694444
55 12 0.095271
79 12 0.189662
81 12 0.00296414
82 12 -0.784245
99 12 0.0426309
117 12 -0.734095
118 12 -0.735341
129 12 0.226768
153 12 0.0095783
154 12 -0.767574
186 12 -1.33333
187 12 -0.00138889
188 12 3.95517e-16
225 12 -0.00138889
247 12 -0.00138889
3 13 0.0154366
9 13 -0.14805
13 13 4.83576
19 13 0.0719267
21 13 -0.0625648
42 13 0.332812
46 13 0.11059
72 13 -0.0834053
88 13 -1.67011
89 13 0.632787
91 13 -0.259564
106 13 0.704702
121 13 -0.458968
122 13 -0.549422
136 13 -0.189528
161 13 -2.61742
164 13 1.11809
207 13 -0.00104167
208 13 -1.33333
209 13 -0.444444
240 13 -0.00104167
253 13 -0.00104167
2 14 0.0884394
7 14 0.0306631
14 14 4.24434
18 14 -0.138638
22 14 -0.0653365
26 14 -0.0832006
43 14 0.221181
49 14 0.137847
84 14 -1.73678
85 14 -0.149018
87 14 0.507224
102 14 -0.0177743
123 14 -0.370168
124 14 -0.334007
133 14 0.653502
157 14 0.506006
160 14 -2.03968
212 14 -0.888889
213 14 -0.00208333
214 14 -0.555556
245 14 -0.00208333
262 14 -0.00208333
0 15 0.0514063
5 15 -0.0439693
15 15 4.06196
17 15 -0.0140769
23 15 0.135998
26 15 0.145655
36 15 0.498958
49 15 -0.139931
73 15 0.0433107
75 15 0.156538
76 15 -1.02655
96 15 0.238769
126 15 -0.94771
127 15 -0.946144
132 15 0.118854
145 15 -0.654883
146 15 -0.220984
181 15 -0.00208333
182 15 -2
183 15 0.555556
224 15 -0.00208333
262 15 -0.00208333
1 16 -0.158647
4 16 -0.00804851
12 16 -0.0445227
16 16 3.1177
24 16 0.0885156
33 16 0.249653
48 16 0.166319
55 16 0.0808273
79 16 -0.10944
80 16 0.0780389
82 16 0.220491
94 16 0.0374021
117 16 0.174128
129 16 -0.706377
130 16 -0.717959
151 16 -0.135443
154 16 -0.658248
170 16 -0.000694444
171 16 -1
172 16 -0.666667
216 16 -0.000694444
259 16 -0.000694444
0 17 -0.190647
4 17 -0.038404
15 17 -0.0140769
17 17 3.14302
18 17 0.249653
24 17 0.0958889
26 17 0.103011
35 17 0.166319
73 17 0.0106247
74 17 0.206245
76 17 0.11143
94 17 0.142287
126 17 0.0536998
131 17 -0.773615
132 17 -0.787875
133 17 -0.000694444
143 17 -0.569456
146 17 -0.232844
176 17 -0.666667
177 17 -0.000694444
178 17 -1
219 17 -0.000694444
2 18 -0.367291
8 18 0.0506049
14 18 -0.138638
17 18 0.249653
18 18 4.5968
25 18 0.11935
26 18 0.129955
35 18 0.166319
84 18 0.67487
86 18 -0.0869515
87 18 0.0672855
104 18 -0.223239
123 18 0.570234
132 18 -0.000694444
133 18 -1.27742
134 18 -1.29024
159 18 0.829089
160 18 -2.39859
176 18 -0.000694444
177 18 -0.666667
178 18 -1
220 18 -0.000694444
3 19 -0.359432
8 19 -0.167684
13 19 0.0719267
19 19 5.08191
25 19 0.107242
34 19 0.249653
47 19 0.166319
72 19 0.0929055
88 19 -0.166673
90 19 0.798986
91 19 -0.201508
104 19 0.713996
122 19 -0.295832
135 19 -1.29219
136 19 -1.33849
163 19 -2.96195
164 19 1.17175
173 19 -0.000694444
174 19 -1
175 19 -0.666667
218 19 -0.000694444
256 19 -0.000694444
1 20 -0.0532323
6 20 0.0173719
12 20 0.0858196
20 20 3.5127
28 20 0.00762973
37 20 -0.000694444
56 20 0.075621
62 20 0.332639
78 20 -0.0247218
81 20 0.223757
82 20 0.267795
99 20 -0.879874
111 20 0.0223701
118 20 -0.717414
119 20 -0.723556
149 20 0.112788
153 20 -0.917163
185 20 -0.00138889
186 20 -0.00138889
225 20 -3.33067e-16
227 20 -1.33333
267 20 -0.00138889
3 21 0.0513101
9 21 0.0282414
13 21 -0.0625648
21 21 4.29673
30 21 -0.117265
42 21 0.11059
57 21 -0.0456231
67 21 0.332813
88 21 -0.119522
89 21 -0.189275
92 21 0.495271
106 21 -1.43814
116 21 0.563142
120 21 -0.405926
121 21 -0.462039
161 21 0.797003
166 21 -2.05124
205 21 -0.00104167
208 21 -0.00104167
240 21 -0.444444
242 21 -1.33333
275 21 -0.00104167
2 22 -0.113236
7 22 0.0893341
14 22 -0.0653365
22 22 3.94766
29 22 0.0201548
43 22 0.137847
58 22 -0.0499949
68 22 0.221181
83 22 -0.106241
84 22 0.545359
85 22 0.41108
102 22 -1.57683
114 22 0.0148414
124 22 -0.352174
125 22 -0.327326
156 22 0.335243
157 22 -1.67653
210 22 -0.00208333
212 22 -0.00208333
243 22 -0.888889
245 22 -0.555556
277 22 -0.00208333
0 23 -0.00879629
5 23 0.0625398
15 23 0.135998
23 23 4.14104
27 23 -0.0531103
36 23 -0.139931
59 23 0.125693
61 23 0.498958
75 23 0.0188624
76 23 0.103145
77 23 0.188706
96 23 -1.11563
109 23 0.280699
127 23 -0.92613
128 23 -0.92766
145 23 -0.135216
147 23 -0.792394
180 23 -0.00208333
182 23 -0.00208333
222 23 -2
224 23 0.555556
265 23 -0.00208333
0 24 -0.0111797
1 24 -0.0411201
4 24 -0.174386
16 24 0.0885156
17 24 0.0958889
24 24 3.12559
33 24 0.166319
35 24 0.249653
73 24 0.0459312
74 24 0.095141
79 24 0.156795
80 24 0.211991
94 24 -0.047857
130 24 -0.739205
131 24 -0.752271
143 24 -0.186039
151 24 -0.608942
167 24 -0.000694444
171 24 -0.000694444
176 24 -0.000694444
216 24 -0.666667
219 24 -1
2 25 -0.150834
3 25 0.0596901
8 25 -0.36093
18 25 0.11935
19 25 0.107242
25 25 4.78801
34 25 0.166319
35 25 0.249653
86 25 0.725893
87 25 0.630874
90 25 -0.122112
91 25 -0.253677
104 25 -0.0522586
134 25 -1.2765
135 25 -1.30191
159 25 -2.63279
163 25 0.975335
169 25 -0.000694444
174 25 -0.000694444
177 25 -0.000694444
218 25 -0.666667
220 25 -1
0 26 -0.0362361
2 26 0.0434693
14 26 -0.0832006
15 26 0.145655
17 26 0.103011
18 26 0.129955
26 26 3.96388
49 26 0.360069
73 26 0.130047
76 26 0.202708
84 26 -0.0577112
87 26 -0.199956
123 26 -0.352555
126 26 -0.967946
132 26 -0.809302
133 26 -1.29353
146 26 -0.537896
160 26 0.714042
178 26 -0.000694444
183 26 -0.00208333
214 26 -0.00208333
262 26 -1.44444
5 27 -0.229739
10 27 0.000243273
23 27 -0.0531103
27 27 3.25018
31 27 0.0574978
59 27 0.0723274
77 27 0.124443
95 27 0.0686427
96 27 0.283918
97 27 -0.0164933
109 27 -1.17066
110 27 -1.14639
128 27 0.209015
137 27 0.111509
141 27 0.244752
147 27 -0.908589
148 27 0.010704
282 27 -0.0237105
283 27 -1.00235
284 27 0.0477603
6 28 -0.199149
10 28 -0.0594368
20 28 0.00762973
28 28 3.27635
31 28 0.0419436
56 28 0.0254347
78 28 -0.00459715
97 28 0.243639
98 28 0.302356
99 28 0.0316058
111 28 -1.02791
112 28 -1.04323
119 28 -0.0378522
138 28 -0.0250573
141 28 -0.0436765
149 28 0.128367
150 28 -1.02163
279 28 0.29112
285 28 0.163949
286 28 -1.13986
7 29 -0.301833
11 29 -0.0991329
22 29 0.0201548
29 29 3.89944
32 29 0.0697923
58 29 0.0863171
83 29 0.120895
100 29 0.362079
101 29 0.477176
102 29 0.00560069
113 29 -1.38338
114 29 -1.3987
125 29 -0.0897669
139 29 0.159259
142 29 -0.0806059
155 29 -1.46511
156 29 0.306311
281 29 0.306736
287 29 0.252938
288 29 -1.32012
9 30 -0.278393
11 30 0.0298851
21 30 -0.117265
30 30 4.09618
32 30 0.051967
57 30 0.0323142
92 30 -0.0494427
100 30 -0.11722
105 30 -0.040865
106 30 0.538092
115 30 -1.29499
116 30 -1.29625
120 30 0.4385
140 30 0.00794923
142 30 0.359059
165 30 0.460842
166 30 -1.70276
280 30 -0.109701
289 30 -1.50506
290 30 0.405222
5 31 -0.0558924
6 31 0.00372526
10 31 -0.214076
27 31 0.0574978
28 31 0.0419436
31 31 3.24783
77 31 0.224609
78 31 -0.0264369
95 31 0.291399
97 31 0.0621522
98 31 0.0507891
110 31 -1.10475
112 31 -1.08434
137 31 -0.0330465
138 31 0.265394
141 31 0.0460052
148 31 -0.958215
150 31 0.0661965
283 31 0.102583
285 31 -1.06249
7 32 0.0246296
9 32 -0.10687
11 32 -0.289189
29 32 0.0697923
30 32 0.051967
32 32 3.96938
83 32 -0.102296
92 32 0.395287
100 32 0.0411491
101 32 -0.0162444
105 32 0.502557
113 32 -1.34293
115 32 -1.33451
139 32 0.329907
140 32 -0.0938066
142 32 0.0874893
155 32 0.377433
165 32 -1.56744
287 32 -1.4004
289 32 0.323062
16 33 0.249653
24 33 0.166319
33 33 3.50625
34 33 0.249653
35 33 0.166319
48 33 0.166319
53 33 0.166319
130 33 -0.000694444
167 33 -0.666667
168 33 -1
169 33 -0.000694444
170 33 -0.666667
171 33 -1
172 33 -0.000694444
215 33 -0.666667
216 33 -0.666667
217 33 -0.000694444
219 33 -0.000694444
258 33 -0.000694444
19 34 0.249653
25 34 0.166319
33 34 0.249653
34 34 3.50625
35 34 0.166319
47 34 0.166319
53 34 0.166319
135 34 -0.000694444
167 34 -0.000694444
168 34 -1
169 34 -0.666667
173 34 -0.666667
174 34 -1
175 34 -0.000694444
215 34 -0.000694444
217 34 -0.666667
218 34 -0.666667
220 34 -0.000694444
257 34 -0.000694444
17 35 0.166319
18 35 0.166319
24 35 0.249653
25 35 0.249653
33 35 0.166319
34 35 0.166319
35 35 3.50625
131 35 -0.000694444
134 35 -0.000694444
167 35 -0.666667
168 35 -0.000694444
169 35 -0.666667
176 35 -0.666667
177 35 -0.666667
178 35 -0.000694444
216 35 -0.000694444
218 35 -0.000694444
219 35 -1
220 35 -1
15 36 0.498958
23 36 -0.139931
36 36 5.18542
49 36 0.498958
54 36 -0.139931
60 36 0.498958
61 36 0.498958
127 36 -0.00208333
179 36 -2
180 36 -2
181 36 -2
182 36 -2
183 36 -0.00208333
221 36 -0.00208333
222 36 -0.00208333
223 36 0.555556
224 36 0.555556
261 36 -0.00208333
263 36 -0.00208333
12 37 0.332639
20 37 -0.000694444
37 37 4.0125
44 37 0.332639
50 37 -0.000694444
62 37 0.332639
63 37 0.332639
118 37 -0.00138889
184 37 -1.33333
185 37 -1.33333
186 37 -1.33333
187 37 -1.33333
188 37 -0.00138889
225 37 2.63678e-16
226 37 2.63678e-16
227 37 -0.00138889
228 37 -0.00138889
248 37 -0.00138889
266 37 -0.00138889
38 38 3.67604
44 38 0.332812
45 38 0.166146
50 38 0.11059
51 38 0.11059
64 38 0.166146
65 38 0.332812
189 38 -1.33333
190 38 -0.666667
191 38 -1.33333
192 38 -0.666667
193 38 -0.00104167
229 38 -0.444444
230 38 -0.444444
231 38 -0.00104167
232 38 -0.00104167
248 38 -0.00104167
251 38 -0.00104167
269 38 -0.00104167
39 39 3.50625
40 39 0.249653
41 39 0.166319
46 39 0.249653
47 39 0.166319
52 39 0.166319
53 39 0.166319
194 39 -0.666667
195 39 -1
196 39 -0.000694444
197 39 -0.666667
198 39 -1
199 39 -0.000694444
233 39 -0.666667
234 39 -0.666667
235 39 -0.000694444
237 39 -0.000694444
254 39 -0.000694444
257 39 -0.000694444
39 40 0.249653
40 40 3.50625
41 40 0.166319
45 40 0.249653
48 40 0.166319
51 40 0.166319
53 40 0.166319
194 40 -0.000694444
195 40 -1
196 40 -0.666667
200 40 -0.666667
201 40 -1
202 40 -0.000694444
233 40 -0.000694444
235 40 -0.666667
236 40 -0.666667
238 40 -0.000694444
251 40 -0.000694444
258 40 -0.000694444
39 41 0.166319
40 41 0.166319
41 41 3.50625
51 41 0.249653
52 41 0.249653
70 41 0.166319
71 41 0.166319
194 41 -0.666667
195 41 -0.000694444
196 41 -0.666667
203 41 -0.666667
204 41 -0.666667
234 41 -0.000694444
236 41 -0.000694444
237 41 -1
238 41 -1
252 41 -0.000694444
255 41 -0.000694444
272 41 -0.000694444
13 42 0.332812
21 42 0.11059
42 42 3.67604
46 42 0.166146
52 42 0.11059
66 42 0.332812
67 42 0.166146
121 42 -0.00104167
205 42 -0.666667
206 42 -1.33333
207 42 -0.666667
208 42 -1.33333
209 42 -0.00104167
239 42 -0.444444
240 42 -0.444444
241 42 -0.00104167
242 42 -0.00104167
254 42 -0.00104167
273 42 -0.00104167
14 43 0.221181
22 43 0.137847
43 43 3.51875
49 43 0.221181
54 43 0.137847
68 43 0.221181
69 43 0.221181
124 43 -0.00208333
210 43 -0.888889
211 43 -0.888889
212 43 -0.888889
213 43 -0.888889
214 43 -0.00208333
243 43 -0.00208333
244 43 -0.00208333
245 43 -0.555556
246 43 -0.555556
261 43 -0.00208333
276 43 -0.00208333
12 44 -0.000694444
37 44 0.332639
38 44 0.332812
44 44 3.84427
45 44 0.11059
50 44 0.249392
55 44 0.249392
117 44 -0.00138889
186 44 -0.00138889
187 44 -1.33333
188 44 -9.71445e-17
191 44 -1.33333
192 44 -0.00104167
193 44 -0.444444
226 44 -0.00138889
229 44 -0.00104167
247 44 -1
248 44 -1
250 44 -0.00104167
38 45 0.166146
40 45 0.249653
44 45 0.11059
45 45 3.59115
48 45 0.166319
51 45 0.249566
55 45 0.249566
191 45 -0.00104167
192 45 -0.666667
193 45 -0.444444
200 45 -0.000694444
201 45 -1
202 45 -0.666667
230 45 -0.00104167
236 45 -0.000694444
247 45 -0.00104167
250 45 -1
251 45 -1
259 45 -0.000694444
13 46 0.11059
39 46 0.249653
42 46 0.166146
46 46 3.59115
47 46 0.166319
52 46 0.249566
72 46 0.249566
122 46 -0.00104167
197 46 -0.000694444
198 46 -1
199 46 -0.666667
207 46 -0.666667
208 46 -0.00104167
209 46 -0.444444
234 46 -0.000694444
239 46 -0.00104167
253 46 -1
254 46 -1
256 46 -0.000694444
19 47 0.166319
34 47 0.166319
39 47 0.166319
46 47 0.166319
47 47 3.50625
53 47 0.249653
72 47 0.249653
136 47 -0.000694444
173 47 -0.666667
174 47 -0.000694444
175 47 -0.666667
197 47 -0.666667
198 47 -0.000694444
199 47 -0.666667
217 47 -0.000694444
233 47 -0.000694444
253 47 -0.000694444
256 47 -1
257 47 -1
16 48 0.166319
33 48 0.166319
40 48 0.166319
45 48 0.166319
48 48 3.50625
53 48 0.249653
55 48 0.249653
129 48 -0.000694444
170 48 -0.666667
171 48 -0.000694444
172 48 -0.666667
200 48 -0.666667
201 48 -0.000694444
202 48 -0.666667
215 48 -0.000694444
235 48 -0.000694444
250 48 -0.000694444
258 48 -1
259 48 -1
14 49 0.137847
15 49 -0.139931
26 49 0.360069
36 49 0.498958
43 49 0.221181
49 49 4.35208
54 49 0.360069
123 49 -0.00208333
126 49 -0.00208333
181 49 -2
182 49 -0.00208333
183 49 0.555556
212 49 -0.00208333
213 49 -0.888889
214 49 -0.555556
223 49 -0.00208333
246 49 -0.00208333
261 49 -1.44444
262 49 -1.44444
37 50 -0.000694444
38 50 0.11059
44 50 0.249392
50 50 3.84427
63 50 0.332639
64 50 0.332813
107 50 0.249392
184 50 -0.00138889
187 50 -0.00138889
190 50 -0.00104167
191 50 -0.00104167
226 50 -3.33067e-16
228 50 -1.33333
229 50 -0.444444
231 50 -1.33333
248 50 -1
249 50 -1
268 50 -0.00138889
270 50 -0.00104167
38 51 0.11059
40 51 0.166319
41 51 0.249653
45 51 0.249566
51 51 3.59115
65 51 0.166146
70 51 0.249566
189 51 -0.00104167
192 51 -0.00104167
196 51 -0.000694444
201 51 -0.000694444
204 51 -0.000694444
230 51 -0.444444
232 51 -0.666667
236 51 -0.666667
238 51 -1
251 51 -1
252 51 -1
271 51 -0.00104167
39 52 0.166319
41 52 0.249653
42 52 0.11059
46 52 0.249566
52 52 3.59115
66 52 0.166146
71 52 0.249566
194 52 -0.000694444
198 52 -0.000694444
203 52 -0.000694444
206 52 -0.00104167
207 52 -0.00104167
234 52 -0.666667
237 52 -1
239 52 -0.444444
241 52 -0.666667
254 52 -1
255 52 -1
274 52 -0.00104167
33 53 0.166319
34 53 0.166319
39 53 0.166319
40 53 0.166319
47 53 0.249653
48 53 0.249653
53 53 3.50625
168 53 -0.000694444
170 53 -0.000694444
173 53 -0.000694444
195 53 -0.000694444
197 53 -0.000694444
200 53 -0.000694444
215 53 -0.666667
217 53 -0.666667
233 53 -0.666667
235 53 -0.666667
257 53 -1
258 53 -1
36 54 -0.139931
43 54 0.137847
49 54 0.360069
54 54 4.35208
60 54 0.498958
69 54 0.221181
108 54 0.360069
179 54 -0.00208333
181 54 -0.00208333
211 54 -0.00208333
213 54 -0.00208333
221 54 -2
223 54 0.555556
244 54 -0.888889
246 54 -0.555556
260 54 -1.44444
261 54 -1.44444
264 54 -0.00208333
278 54 -0.00208333
1 55 -0.0046246
12 55 0.095271
16 55 0.0808273
44 55 0.249392
45 55 0.249566
48 55 0.249653
55 55 3.51666
79 55 0.0279251
82 55 0.0599164
117 55 -0.752809
129 55 -0.685247
154 55 -0.0801042
172 55 -0.000694444
188 55 -0.00138889
193 55 -0.00104167
202 55 -0.000694444
247 55 -1
250 55 -1
259 55 -1
6 56 -0.0639746
20 56 0.075621
28 56 0.0254347
56 56 3.64832
62 56 -0.000694444
78 56 0.267172
99 56 0.317867
111 56 -0.987491
119 56 -0.706713
138 56 -0.0560248
149 56 -1.10324
227 56 -0.00138889
267 56 3.33067e-16
279 56 -0.719462
286 56 0.23405
295 56 -0.00138889
296 56 -1.33333
9 57 0.0362605
21 57 -0.0456231
30 57 0.0323142
57 57 3.92795
67 57 0.11059
92 57 -0.135549
106 57 -0.0694987
116 57 -1.25803
120 57 -0.415246
140 57 0.396541
166 57 0.561841
242 57 -0.00104167
275 57 -0.444444
280 57 -0.379829
290 57 -1.64396
305 57 -0.00104167
306 57 -1.33333
7 58 -0.093242
22 58 -0.0499949
29 58 0.0863171
58 58 3.72098
68 58 0.137847
83 58 0.335926
102 58 0.458951
114 58 -1.43983
125 58 -0.345987
139 58 -0.0693465
156 58 -1.38639
243 58 -0.00208333
277 58 -0.555556
281 58 -0.32945
288 58 0.191554
307 58 -0.00208333
308 58 -0.888889
5 59 -0.00291422
23 59 0.125693
27 59 0.0723274
59 59 4.24484
61 59 -0.139931
77 59 -0.00767517
96 59 0.0854698
109 59 -1.21269
128 59 -0.907907
137 59 0.227942
147 59 -0.0396556
222 59 -0.00208333
265 59 0.555556
282 59 -0.913287
284 59 -0.95533
293 59 -0.00208333
294 59 -2
36 60 0.498958
54 60 0.498958
60 60 5.18542
61 60 -0.139931
108 60 -0.139931
179 60 -2
180 60 -0.00208333
221 60 -2
223 60 -0.00208333
260 60 -0.00208333
263 60 0.555556
264 60 0.555556
291 60 -2
292 60 -0.00208333
311 60 -2
312 60 -0.00208333
23 61 0.498958
36 61 0.498958
59 61 -0.139931
60 61 -0.139931
61 61 5.18542
128 61 -0.00208333
179 61 -0.00208333
180 61 -2
222 61 -2
224 61 -0.00208333
263 61 0.555556
265 61 0.555556
293 61 -2
294 61 -0.00208333
311 61 -0.00208333
312 61 -2
20 62 0.332639
37 62 0.332639
56 62 -0.000694444
62 62 4.0125
63 62 -0.000694444
119 62 -0.00138889
184 62 -0.00138889
185 62 -1.33333
225 62 -0.00138889
227 62 -1.33333
266 62 -9.71445e-17
267 62 3.33067e-16
295 62 -1.33333
296 62 -0.00138889
313 62 -1.33333
314 62 -0.00138889
37 63 0.332639
50 63 0.332639
62 63 -0.000694444
63 63 4.0125
107 63 -0.000694444
184 63 -1.33333
185 63 -0.00138889
226 63 -0.00138889
228 63 -1.33333
249 63 -0.00138889
266 63 3.95517e-16
268 63 3.33067e-16
297 63 -1.33333
298 63 -0.00138889
313 63 -0.00138889
314 63 -1.33333
38 64 0.166146
50 64 0.332813
64 64 3.67604
65 64 0.11059
107 64 0.11059
189 64 -0.00104167
190 64 -0.666667
229 64 -0.00104167
231 64 -1.33333
249 64 -0.00104167
269 64 -0.444444
270 64 -0.444444
299 64 -0.666667
300 64 -0.00104167
315 64 -1.33333
316 64 -0.00104167
38 65 0.332812
51 65 0.166146
64 65 0.11059
65 65 3.67604
70 65 0.11059
189 65 -1.33333
190 65 -0.00104167
230 65 -0.00104167
232 65 -0.666667
252 65 -0.00104167
269 65 -0.444444
271 65 -0.444444
301 65 -1.33333
302 65 -0.00104167
315 65 -0.00104167
316 65 -0.666667
42 66 0.332812
52 66 0.166146
66 66 3.67604
67 66 0.11059
71 66 0.11059
205 66 -0.00104167
206 66 -1.33333
239 66 -0.00104167
241 66 -0.666667
255 66 -0.00104167
273 66 -0.444444
274 66 -0.444444
303 66 -1.33333
304 66 -0.00104167
317 66 -0.666667
318 66 -0.00104167
21 67 0.332813
42 67 0.166146
57 67 0.11059
66 67 0.11059
67 67 3.67604
120 67 -0.00104167
205 67 -0.666667
206 67 -0.00104167
240 67 -0.00104167
242 67 -1.33333
273 67 -0.444444
275 67 -0.444444
305 67 -0.666667
306 67 -0.00104167
317 67 -0.00104167
318 67 -1.33333
22 68 0.221181
43 68 0.221181
58 68 0.137847
68 68 3.51875
69 68 0.137847
125 68 -0.00208333
210 68 -0.888889
211 68 -0.00208333
243 68 -0.888889
245 68 -0.00208333
276 68 -0.555556
277 68 -0.555556
307 68 -0.888889
308 68 -0.00208333
319 68 -0.888889
320 68 -0.00208333
43 69 0.221181
54 69 0.221181
68 69 0.137847
69 69 3.51875
108 69 0.137847
210 69 -0.00208333
211 69 -0.888889
244 69 -0.888889
246 69 -0.00208333
260 69 -0.00208333
276 69 -0.555556
278 69 -0.555556
309 69 -0.888889
310 69 -0.00208333
319 69 -0.00208333
320 69 -0.888889
41 70 0.166319
51 70 0.249566
65 70 0.11059
70 70 3.59115
71 70 0.249653
203 70 -0.000694444
204 70 -0.666667
232 70 -0.00104167
238 70 -0.000694444
252 70 -1
271 70 -0.444444
272 70 -1
301 70 -0.00104167
302 70 -0.666667
321 70 -1
322 70 -0.000694444
41 71 0.166319
52 71 0.249566
66 71 0.11059
70 71 0.249653
71 71 3.59115
203 71 -0.666667
204 71 -0.000694444
237 71 -0.000694444
241 71 -0.00104167
255 71 -1
272 71 -1
274 71 -0.444444
303 71 -0.00104167
304 71 -0.666667
321 71 -0.000694444
322 71 -1
3 72 -0.192114
13 72 -0.0834053
19 72 0.0929055
46 72 0.249566
47 72 0.249653
72 72 5.28942
88 72 0.908575
91 72 0.834263
122 72 -0.558209
136 72 -1.33634
164 72 -3.45101
175 72 -0.000694444
199 72 -0.000694444
209 72 -0.00104167
253 72 -1
256 72 -1
0 73 0.0500568
4 73 0.156532
15 73 0.0433107
17 73 0.0106247
24 73 0.0459312
26 73 0.130047
73 73 4.92335
74 73 -0.636998
76 73 -0.202328
94 73 0.153536
126 73 0.175617
131 73 -0.205717
132 73 -0.556659
143 73 -2.00279
146 73 -2.05934
0 74 -0.956328
4 74 -0.914224
5 74 0.0868326
10 74 0.246941
17 74 0.206245
24 74 0.095141
73 74 -0.636998
74 74 3.99542
75 74 -0.121468
93 74 -0.714333
94 74 -0.15513
95 74 -0.179358
131 74 -0.157317
143 74 -0.3878
144 74 -0.384189
0 75 0.0524019
4 75 0.0219163
5 75 0.0910904
10 75 0.187018
15 75 0.156538
23 75 0.0188624
74 75 -0.121468
75 75 5.20723
76 75 -0.675116
93 75 0.175855
95 75 -0.769042
96 75 -0.116091
127 75 0.197942
144 75 -2.1746
145 75 -2.2291
0 76 -0.984155
5 76 0.241228
15 76 -1.02655
17 76 0.11143
23 76 0.103145
26 76 0.202708
73 76 -0.202328
75 76 -0.675116
76 76 3.99153
96 76 -0.201726
126 76 -0.604071
127 76 -0.168494
132 76 -0.179681
145 76 -0.288537
146 76 -0.294211
5 77 0.086681
10 77 -0.00421966
23 77 0.188706
27 77 0.124443
31 77 0.224609
59 77 -0.00767517
77 77 5.56532
95 77 -0.0271453
96 77 -0.815228
97 77 0.19816
109 77 -0.0197316
110 77 -0.926814
128 77 0.220254
147 77 -2.41834
148 77 -2.36731
6 78 -0.0416624
10 78 0.220774
20 78 -0.0247218
28 78 -0.00459715
31 78 -0.0264369
56 78 0.267172
78 78 5.43655
97 78 0.176065
98 78 -0.91726
99 78 0.087234
111 78 -1.05251
112 78 0.0896819
119 78 0.153966
149 78 -2.15545
150 78 -2.19058
1 79 -0.0702627
4 79 0.0267853
12 79 0.189662
16 79 -0.10944
24 79 0.156795
55 79 0.0279251
79 79 4.7113
80 79 -0.10398
82 79 -0.730434
94 79 0.131455
117 79 0.109377
129 79 -0.102857
130 79 -0.637379
151 79 -1.81128
154 79 -1.76596
1 80 -0.847323
4 80 -0.889064
6 80 0.255528
10 80 0.0696629
16 80 0.0780389
24 80 0.211991
79 80 -0.10398
80 80 4.02863
81 80 -0.763795
93 80 -0.0704094
94 80 -0.67841
98 80 -0.156991
130 80 -0.134955
151 80 -0.489006
152 80 -0.488221
1 81 -0.0707909
4 81 0.185263
6 81 -0.0325346
10 81 0.0014916
12 81 0.00296414
20 81 0.223757
80 81 -0.763795
81 81 5.02669
82 81 -0.014249
93 81 0.153769
98 81 -0.0135546
99 81 -0.874795
118 81 0.131683
152 81 -1.98868
153 81 -1.94726
1 82 -0.825528
6 82 0.0514057
12 82 -0.784245
16 82 0.220491
20 82 0.267795
55 82 0.0599164
79 82 -0.730434
81 82 -0.014249
82 82 4.09884
99 82 -0.134625
117 82 -0.0478584
118 82 -0.8263
129 82 -0.112595
153 82 -0.60289
154 82 -0.599763
7 83 0.153952
11 83 0.404556
22 83 -0.106241
29 83 0.120895
32 83 -0.102296
58 83 0.335926
83 83 7.32035
100 83 0.264908
101 83 -1.64044
102 83 0.361555
113 83 0.348718
114 83 -1.43057
125 83 0.287065
155 83 -3.1394
156 83 -3.1625
2 84 -1.69781
7 84 -0.0281669
14 84 -1.73678
18 84 0.67487
22 84 0.545359
26 84 -0.0577112
84 84 6.80292
85 84 0.537165
87 84 -2.12549
102 84 -0.311719
123 84 0.635724
124 84 -1.87519
133 84 -0.333615
157 84 -0.430041
160 84 -0.584757
2 85 0.126305
7 85 0.0959865
8 85 0.501524
11 85 -0.14556
14 85 -0.149018
22 85 0.41108
84 85 0.537165
85 85 8.26664
86 85 -2.00861
101 85 0.523605
102 85 -1.73687
103 85 0.28704
124 85 0.309252
157 85 -3.50267
158 85 -3.5011
2 86 -1.70471
7 86 0.572974
8 86 -1.66719
11 86 -0.0536134
18 86 -0.0869515
25 86 0.725893
85 86 -2.00861
86 86 7.18988
87 86 0.740268
101 86 -0.289268
103 86 0.631019
104 86 -2.31077
134 86 -0.311112
158 86 -0.612559
159 86 -0.802226
2 87 0.0408209
8 87 -0.197807
14 87 0.507224
18 87 0.0672855
25 87 0.630874
26 87 -0.199956
84 87 -2.12549
86 87 0.740268
87 87 9.51503
104 87 0.309041
123 87 0.331355
133 87 0.752907
134 87 -2.48864
159 87 -3.95155
160 87 -3.91834
3 88 -1.70237
9 88 0.665808
13 88 -1.67011
19 88 -0.166673
21 88 -0.119522
72 88 0.908575
88 88 8.59039
89 88 -2.43181
91 88 1.04268
106 88 -0.244285
121 88 0.89505
122 88 -2.93203
136 88 -0.265962
161 88 -1.11988
164 88 -1.44031
3 89 -0.0822841
8 89 -0.187892
9 89 -0.10817
11 89 0.491859
13 89 0.632787
21 89 -0.189275
88 89 -2.43181
89 89 8.9008
90 89 0.746473
103 89 0.264767
105 89 -2.03421
106 89 0.744415
121 89 0.242388
161 89 -3.52003
162 89 -3.45854
3 90 -1.65463
8 90 -1.69007
9 90 -0.0833198
11 90 0.61137
19 90 0.798986
25 90 -0.122112
89 90 0.746473
90 90 7.75303
91 90 -2.56558
103 90 -2.18667
104 90 0.870966
105 90 -0.266792
135 90 -0.288564
162 90 -0.835541
163 90 -1.07627
3 91 -0.220563
8 91 0.623164
13 91 -0.259564
19 91 -0.201508
25 91 -0.253677
72 91 0.834263
88 91 1.04268
90 91 -2.56558
91 91 10.728
104 91 0.286595
122 91 0.263884
135 91 1.03654
136 91 -3.14558
163 91 -4.00919
164 91 -4.1499
9 92 -0.019124
11 92 -0.136217
21 92 0.495271
30 92 -0.0494427
32 92 0.395287
57 92 -0.135549
92 92 7.61365
100 92 0.242722
105 92 0.526544
106 92 -1.92919
115 92 -1.64166
116 92 0.521785
120 92 0.22049
165 92 -3.03719
166 92 -3.05436
0 93 0.169606
1 93 0.0129922
4 93 -0.00739489
5 93 0.0106411
6 93 0.203579
10 93 0.0311097
74 93 -0.714333
75 93 0.175855
80 93 -0.0704094
81 93 0.153769
93 93 5.09915
95 93 -0.0671212
98 93 -0.815656
144 93 -2.10442
152 93 -2.05567
0 94 0.0354475
1 94 0.171574
4 94 -0.00853082
16 94 0.0374021
17 94 0.142287
24 94 -0.047857
73 94 0.153536
74 94 -0.15513
79 94 0.131455
80 94 -0.67841
94 94 4.80202
130 94 -0.156482
131 94 -0.592548
143 94 -1.93144
151 94 -1.87988
0 95 0.243201
4 95 0.0789792
5 95 -1.04689
10 95 -1.00497
27 95 0.0686427
31 95 0.291399
74 95 -0.179358
75 95 -0.769042
77 95 -0.0271453
93 95 -0.0671212
95 95 4.18893
97 95 -0.860136
110 95 -0.201388
144 95 -0.341382
148 95 -0.35202
0 96 0.0956112
5 96 -1.07337
15 96 0.238769
23 96 -1.11563
27 96 0.283918
59 96 0.0854698
75 96 -0.116091
76 96 -0.201726
77 96 -0.815228
96 96 4.17018
109 96 -0.223762
127 96 -0.732266
128 96 -0.0764494
145 96 -0.244414
147 96 -0.251569
5 97 0.203202
6 97 -0.0137997
10 97 0.0246892
27 97 -0.0164933
28 97 0.243639
31 97 0.0621522
77 97 0.19816
78 97 0.176065
95 97 -0.860136
97 97 5.47931
98 97 0.026951
110 97 0.0321837
112 97 -0.98192
148 97 -2.29908
150 97 -2.25495
1 98 0.0614064
4 98 0.250171
6 98 -0.940129
10 98 -0.981626
28 98 0.302356
31 98 0.0507891
78 98 -0.91726
80 98 -0.156991
81 98 -0.0135546
93 98 -0.815656
97 98 0.026951
98 98 4.24217
112 98 -0.179013
150 98 -0.462467
152 98 -0.447185
1 99 0.260359
6 99 -0.920821
12 99 0.0426309
20 99 -0.879874
28 99 0.0316058
56 99 0.317867
78 99 0.087234
81 99 -0.874795
82 99 -0.134625
99 99 4.33979
111 99 -0.156638
118 99 0.0459044
119 99 -0.990272
149 99 -0.585869
153 99 -0.564271
7 100 -0.119831
9 100 0.443626
11 100 0.0730535
29 100 0.362079
30 100 -0.11722
32 100 0.0411491
83 100 0.264908
92 100 0.242722
100 100 7.4126
101 100 0.43707
105 100 -1.76393
113 100 -1.52188
115 100 0.427503
155 100 -3.08682
165 100 -3.08027
2 101 -0.0419212
7 101 -1.52979
8 101 0.592209
11 101 -1.49047
29 101 0.477176
32 101 -0.0162444
83 101 -1.64044
85 101 0.523605
86 101 -0.289268
100 101 0.43707
101 101 6.15798
103 101 -1.86411
113 101 -0.267354
155 101 -0.453138
158 101 -0.580544
2 102 0.559347
7 102 -1.53655
14 102 -0.0177743
22 102 -1.57683
29 102 0.00560069
58 102 0.458951
83 102 0.361555
84 102 -0.311719
85 102 -1.73687
102 102 5.92169
114 102 -0.289772
124 102 0.441654
125 102 -1.54615
156 102 -0.305435
157 102 -0.411207
2 103 -0.166302
3 103 0.556857
7 103 0.4462
8 103 0.0308046
9 103 -0.164743
11 103 0.00231819
85 103 0.28704
86 103 0.631019
89 103 0.264767
90 103 -2.18667
101 103 -1.86411
103 103 8.49896
105 103 0.621923
158 103 -3.46073
162 103 -3.48432
2 104 0.556731
3 104 -0.2241
8 104 -0.0757327
18 104 -0.223239
19 104 0.713996
25 104 -0.0522586
86 104 -2.31077
87 104 0.309041
90 104 0.870966
91 104 0.286595
104 104 9.97822
134 104 0.876682
135 104 -2.75831
159 104 -3.93108
163 104 -4.00545
3 105 0.638302
8 105 -0.0697246
9 105 -1.45589
11 105 -1.49385
30 105 -0.040865
32 105 0.502557
89 105 -2.03421
90 105 -0.266792
92 105 0.526544
100 105 -1.76393
103 105 0.621923
105 105 6.50597
115 105 -0.244922
162 105 -0.784895
165 105 -0.627201
3 106 -0.102978
9 106 -1.47414
13 106 0.704702
21 106 -1.43814
30 106 0.538092
57 106 -0.0694987
88 106 -0.244285
89 106 0.744415
92 106 -1.92919
106 106 7.01795
116 106 -0.222476
120 106 0.636296
121 106 -2.26874
161 106 -1.0415
166 106 -0.839232
50 107 0.249392
63 107 -0.000694444
64 107 0.11059
107 107 3.84427
228 107 -0.00138889
231 107 -0.00104167
249 107 -1
268 107 3.33067e-16
270 107 -0.444444
297 107 -0.00138889
298 107 -1.33333
299 107 -0.00104167
300 107 -1.33333
323 107 -1
54 108 0.360069
60 108 -0.139931
69 108 0.137847
108 108 4.35208
221 108 -0.00208333
244 108 -0.00208333
260 108 -1.44444
264 108 0.555556
278 108 -0.555556
291 108 -0.00208333
292 108 -2
309 108 -0.00208333
310 108 -0.888889
324 108 -1.44444
5 109 0.0777475
23 109 0.280699
27 109 -1.17066
59 109 -1.21269
77 109 -0.0197316
96 109 -0.223762
109 109 4.42754
128 109 -0.883614
137 109 -0.982415
147 109 -0.214545
282 109 0.0269348
284 109 -0.237748
5 110 0.286654
10 110 0.06054
27 110 -1.14639
31 110 -1.10475
77 110 -0.926814
95 110 -0.201388
97 110 0.0321837
110 110 4.47063
137 110 0.0799224
141 110 -1.03652
148 110 -0.317152
283 110 -0.34594
6 111 0.308572
20 111 0.0223701
28 111 -1.02791
56 111 -0.987491
78 111 -1.05251
99 111 -0.156638
111 111 4.69767
119 111 0.1545
138 111 0.20574
149 111 -0.557721
279 111 -1.19569
286 111 -0.603981
6 112 0.0421973
10 112 0.295647
28 112 -1.04323
31 112 -1.08434
78 112 0.0896819
97 112 -0.98192
98 112 -0.179013
112 112 4.55618
138 112 -1.10591
141 112 0.138882
150 112 -0.430455
285 112 -0.466647
7 113 -0.00612997
11 113 0.490037
29 113 -1.38338
32 113 -1.34293
83 113 0.348718
100 113 -1.52188
101 113 -0.267354
113 113 5.41056
139 113 -1.35047
142 113 0.278733
155 113 -0.446344
287 113 -0.362395
7 114 0.468291
22 114 0.0148414
29 114 -1.3987
58 114 -1.43983
83 114 -1.43057
102 114 -0.289772
114 114 5.26875
125 114 0.280916
139 114 0.214761
156 114 -0.306956
281 114 -1.28106
288 114 -0.236707
9 115 0.520359
11 115 -0.0295258
30 115 -1.29499
32 115 -1.33451
92 115 -1.64166
100 115 0.427503
105 115 -0.244922
115 115 5.62835
140 115 0.352374
142 115 -1.44028
165 115 -0.609028
289 115 -0.506447
9 116 -0.0563662
21 116 0.563142
30 116 -1.29625
57 116 -1.25803
92 116 0.521785
106 116 -0.222476
116 116 5.95282
120 116 -1.80214
140 116 -1.55817
166 116 -0.804839
280 116 0.439482
290 116 -0.675917
1 117 0.0171201
12 117 -0.734095
16 117 0.174128
44 117 -0.00138889
55 117 -0.752809
79 117 0.109377
82 117 -0.0478584
117 117 4.98279
129 117 -0.693391
154 117 -1.70083
188 117 -1.32778
247 117 0.00555556
1 118 0.204204
6 118 -0.00884477
12 118 -0.735341
20 118 -0.717414
37 118 -0.00138889
81 118 0.131683
82 118 -0.8263
99 118 0.0459044
118 118 5.14403
153 118 -1.88437
186 118 0.00555556
225 118 -1.32778
6 119 0.242327
20 119 -0.723556
28 119 -0.0378522
56 119 -0.706713
62 119 -0.00138889
78 119 0.153966
99 119 -0.990272
111 119 0.1545
119 119 5.35643
149 119 -2.09614
227 119 0.00555556
267 119 -1.32778
9 120 -0.156642
21 120 -0.405926
30 120 0.4385
57 120 -0.415246
67 120 -0.00104167
92 120 0.22049
106 120 0.636296
116 120 -1.80214
120 120 6.30149
166 120 -3.02506
242 120 -0.440278
275 120 -1.32917
3 121 -0.216047
9 121 0.553196
13 121 -0.458968
21 121 -0.462039
42 121 -0.00104167
88 121 0.89505
89 121 0.242388
106 121 -2.26874
121 121 7.02264
161 121 -3.51659
208 121 -0.440278
240 121 -1.32917
3 122 0.71641
13 122 -0.549422
19 122 -0.295832
46 122 -0.00104167
72 122 -0.558209
88 122 -2.93203
91 122 0.263884
122 122 8.08264
136 122 1.25593
164 122 -4.19336
209 122 -1.32917
253 122 -0.440278
2 123 -0.177295
14 123 -0.370168
18 123 0.570234
26 123 -0.352555
49 123 -0.00208333
84 123 0.635724
87 123 0.331355
123 123 7.07805
133 123 -2.29222
160 123 -3.95463
214 123 -0.880556
262 123 -0.547222
2 124 0.45962
7 124 -0.129968
14 124 -0.334007
22 124 -0.352174
43 124 -0.00208333
84 124 -1.87519
85 124 0.309252
102 124 0.441654
124 124 6.50327
157 124 -3.5531
212 124 -0.547222
245 124 -0.880556
7 125 0.374144
22 125 -0.327326
29 125 -0.0897669
58 125 -0.345987
68 125 -0.00208333
83 125 0.287065
102 125 -1.54615
114 125 0.280916
125 125 6.05922
156 125 -3.22188
243 125 -0.547222
277 125 -0.880556
0 126 0.143913
15 126 -0.94771
17 126 0.0536998
26 126 -0.967946
49 126 -0.00208333
73 126 0.175617
76 126 -0.604071
126 126 6.00539
132 126 -0.25142
146 126 -2.13291
183 126 -1.99167
262 126 0.563889
0 127 0.0299705
5 127 0.17328
15 127 -0.946144
23 127 -0.92613
36 127 -0.00208333
75 127 0.197942
76 127 -0.168494
96 127 -0.732266
127 127 6.14735
145 127 -2.30181
182 127 0.563889
224 127 -1.99167
5 128 0.00432449
23 128 -0.92766
27 128 0.209015
59 128 -0.907907
61 128 -0.00208333
77 128 0.220254
96 128 -0.0764494
109 128 -0.883614
128 128 6.32445
147 128 -2.48958
222 128 0.563889
265 128 -1.99167
1 129 0.0684041
12 129 0.226768
16 129 -0.706377
48 129 -0.000694444
55 129 -0.685247
79 129 -0.102857
82 129 -0.112595
117 129 -0.693391
129 129 4.33472
154 129 -0.646353
172 129 -0.997222
259 129 -0.663889
1 130 0.216516
4 130 0.0860893
16 130 -0.717959
24 130 -0.739205
33 130 -0.000694444
79 130 -0.637379
80 130 -0.134955
94 130 -0.156482
130 130 4.30439
151 130 -0.537071
171 130 -0.663889
216 130 -0.997222
0 131 0.102845
4 131 0.20938
17 131 -0.773615
24 131 -0.752271
35 131 -0.000694444
73 131 -0.205717
74 131 -0.157317
94 131 -0.592548
131 131 4.29096
143 131 -0.43691
176 131 -0.997222
219 131 -0.663889
0 132 0.204724
15 132 0.118854
17 132 -0.787875
18 132 -0.000694444
26 132 -0.809302
73 132 -0.556659
76 132 -0.179681
126 132 -0.25142
132 132 4.2911
133 132 -0.997222
146 132 -0.344063
178 132 -0.663889
2 133 -0.0699312
14 133 0.653502
17 133 -0.000694444
18 133 -1.27742
26 133 -1.29353
84 133 -0.333615
87 133 0.752907
123 133 -2.29222
132 133 -0.997222
133 133 6.17103
160 133 -0.631993
178 133 -0.663889
2 134 0.69616
8 134 -0.101238
18 134 -1.29024
25 134 -1.2765
35 134 -0.000694444
86 134 -0.311112
87 134 -2.48864
104 134 0.876682
134 134 6.44368
159 134 -0.870921
177 134 -0.997222
220 134 -0.663889
3 135 -0.139602
8 135 0.756251
19 135 -1.29219
25 135 -1.30191
34 135 -0.000694444
90 135 -0.288564
91 135 1.03654
104 135 -2.75831
135 135 6.8415
163 135 -1.17671
174 135 -0.663889
218 135 -0.997222
3 136 0.843975
13 136 -0.189528
19 136 -1.33849
47 136 -0.000694444
72 136 -1.33634
88 136 -0.265962
91 136 -3.14558
122 136 1.25593
136 136 7.4432
164 136 -1.59108
175 136 -0.997222
256 136 -0.663889
27 137 0.111509
31 137 -0.0330465
59 137 0.227942
109 137 -0.982415
110 137 0.0799224
137 137 6.01705
141 137 0.220445
282 137 0.242551
283 137 -2.58655
284 137 -2.63202
28 138 -0.0250573
31 138 0.265394
56 138 -0.0560248
111 138 0.20574
112 138 -1.10591
138 138 5.97086
141 138 0.198334
279 138 0.176214
285 138 -2.42446
286 138 -2.39935
29 139 0.159259
32 139 0.329907
58 139 -0.0693465
113 139 -1.35047
114 139 0.214761
139 139 6.5893
142 139 0.2427
281 139 0.264825
287 139 -2.84015
288 139 -2.8769
30 140 0.00794923
32 140 -0.0938066
57 140 0.396541
115 140 0.352374
116 140 -1.55817
140 140 6.67387
142 140 0.220562
280 140 0.198403
289 140 -2.70118
290 140 -2.69213
27 141 0.244752
28 141 -0.0436765
31 141 0.0460052
110 141 -1.03652
112 141 0.138882
137 141 0.220445
138 141 0.198334
141 141 5.96629
283 141 -2.52142
285 141 -2.48467
29 142 -0.0806059
30 142 0.359059
32 142 0.0874893
113 142 0.278733
115 142 -1.44028
139 142 0.2427
140 142 0.220562
142 142 6.59405
287 142 -2.77991
289 142 -2.75481
0 143 -0.17492
4 143 -0.66109
17 143 -0.569456
24 143 -0.186039
73 143 -2.00279
74 143 -0.3878
94 143 -1.93144
131 143 -0.43691
143 143 6.39906
0 144 -0.689202
4 144 -0.101235
5 144 -0.0875477
10 144 -0.795902
74 144 -0.384189
75 144 -2.1746
93 144 -2.10442
95 144 -0.341382
144 144 6.72362
0 145 -0.149513
5 145 -0.753791
15 145 -0.654883
23 145 -0.135216
75 145 -2.2291
76 145 -0.288537
96 145 -0.244414
127 145 -2.30181
145 145 6.80587
0 146 -0.623543
15 146 -0.220984
17 146 -0.232844
26 146 -0.537896
73 146 -2.05934
76 146 -0.294211
126 146 -2.13291
132 146 -0.344063
146 146 6.49787
5 147 -0.0567648
23 147 -0.792394
27 147 -0.908589
59 147 -0.0396556
77 147 -2.41834
96 147 -0.251569
109 147 -0.214545
128 147 -2.48958
147 147 7.21658
5 148 -0.831546
10 148 -0.00598005
27 148 0.010704
31 148 -0.958215
77 148 -2.36731
95 148 -0.35202
97 148 -2.29908
110 148 -0.317152
148 148 7.16227
6 149 -0.94471
20 149 0.112788
28 149 0.128367
56 149 -1.10324
78 149 -2.15545
99 149 -0.585869
111 149 -0.557721
119 149 -2.09614
149 149 7.23669
6 150 0.0500149
10 150 -0.881312
28 150 -1.02163
31 150 0.0661965
78 150 -2.19058
97 150 -2.25495
98 150 -0.462467
112 150 -0.430455
150 150 7.16338
1 151 -0.708258
4 151 -0.125177
16 151 -0.135443
24 151 -0.608942
79 151 -1.81128
80 151 -0.489006
94 151 -1.87988
130 151 -0.537071
151 151 6.3402
1 152 -0.0486015
4 152 -0.732519
6 152 -0.849278
10 152 -0.0356251
80 152 -0.488221
81 152 -1.98868
93 152 -2.05567
98 152 -0.447185
152 152 6.68745
1 153 -0.787169
6 153 0.0217146
12 153 0.0095783
20 153 -0.917163
81 153 -1.94726
82 153 -0.60289
99 153 -0.564271
118 153 -1.88437
153 153 6.71002
1 154 -0.0708353
12 154 -0.767574
16 154 -0.658248
55 154 -0.0801042
79 154 -1.76596
82 154 -0.599763
117 154 -1.70083
129 154 -0.646353
154 154 6.33134
7 155 0.407118
11 155 -1.70824
29 155 -1.46511
32 155 0.377433
83 155 -3.1394
100 155 -3.08682
101 155 -0.453138
113 155 -0.446344
155 155 9.54575
7 156 -1.59851
22 156 0.335243
29 156 0.306311
58 156 -1.38639
83 156 -3.1625
102 156 -0.305435
114 156 -0.306956
125 156 -3.22188
156 156 9.37484
2 157 -1.94836
7 157 0.471374
14 157 0.506006
22 157 -1.67653
84 157 -0.430041
85 157 -3.50267
102 157 -0.411207
124 157 -3.5531
157 157 10.5758
2 158 0.594409
7 158 -1.7854
8 158 -2.10512
11 158 0.558214
85 158 -3.5011
86 158 -0.612559
101 158 -0.580544
103 158 -3.46073
158 158 10.9206
2 159 -2.19636
8 159 0.784508
18 159 0.829089
25 159 -2.63279
86 159 -0.802226
87 159 -3.95155
104 159 -3.93108
134 159 -0.870921
159 159 12.7956
2 160 0.672278
14 160 -2.03968
18 160 -2.39859
26 160 0.714042
84 160 -0.584757
87 160 -3.91834
123 160 -3.95463
133 160 -0.631993
160 160 12.1695
3 161 0.837914
9 161 -2.12325
13 161 -2.61742
21 161 0.797003
88 161 -1.11988
89 161 -3.52003
106 161 -1.0415
121 161 -3.51659
161 161 12.3246
3 162 -2.31778
8 162 0.701843
9 162 0.663631
11 162 -1.929
89 162 -3.45854
90 162 -0.835541
103 162 -3.48432
105 162 -0.784895
162 162 11.4689
3 163 0.926986
8 163 -2.40771
19 163 -2.96195
25 163 0.975335
90 163 -1.07627
91 163 -4.00919
104 163 -4.00545
135 163 -1.17671
163 163 13.7558
3 164 -2.70335
13 164 1.11809
19 164 1.17175
72 164 -3.45101
88 164 -1.44031
91 164 -4.1499
122 164 -4.19336
136 164 -1.59108
164 164 15.2565
9 165 -1.85358
11 165 0.491469
30 165 0.460842
32 165 -1.56744
92 165 -3.03719
100 165 -3.08027
105 165 -0.627201
115 165 -0.609028
165 165 9.85018
9 166 0.593684
21 166 -2.05124
30 166 -1.70276
57 166 0.561841
92 166 -3.05436
106 166 -0.839232
116 166 -0.804839
120 166 -3.02506
166 166 10.3463
24 167 -0.000694444
33 167 -0.666667
34 167 -0.000694444
35 167 -0.666667
167 167 4.67778
168 167 -0.663889
169 167 -0.997222
216 167 -0.997222
219 167 -0.663889
33 168 -1
34 168 -1
35 168 -0.000694444
53 168 -0.000694444
167 168 -0.663889
168 168 4.67778
169 168 -0.663889
215 168 -0.663889
217 168 -0.663889
25 169 -0.000694444
33 169 -0.000694444
34 169 -0.666667
35 169 -0.666667
167 169 -0.997222
168 169 -0.663889
169 169 4.67778
218 169 -0.997222
220 169 -0.663889
16 170 -0.000694444
33 170 -0.666667
48 170 -0.666667
53 170 -0.000694444
170 170 4.67778
171 170 -0.663889
172 170 -0.997222
215 170 -0.997222
258 170 -0.663889
16 171 -1
24 171 -0.000694444
33 171 -1
48 171 -0.000694444
130 171 -0.663889
170 171 -0.663889
171 171 4.67778
172 171 -0.663889
216 171 -0.663889
16 172 -0.666667
33 172 -0.000694444
48 172 -0.666667
55 172 -0.000694444
129 172 -0.997222
170 172 -0.997222
171 172 -0.663889
172 172 4.67778
259 172 -0.663889
19 173 -0.000694444
34 173 -0.666667
47 173 -0.666667
53 173 -0.000694444
173 173 4.67778
174 173 -0.663889
175 173 -0.997222
217 173 -0.997222
257 173 -0.663889
19 174 -1
25 174 -0.000694444
34 174 -1
47 174 -0.000694444
135 174 -0.663889
173 174 -0.663889
174 174 4.67778
175 174 -0.663889
218 174 -0.663889
19 175 -0.666667
34 175 -0.000694444
47 175 -0.666667
72 175 -0.000694444
136 175 -0.997222
173 175 -0.997222
174 175 -0.663889
175 175 4.67778
256 175 -0.663889
17 176 -0.666667
18 176 -0.000694444
24 176 -0.000694444
35 176 -0.666667
131 176 -0.997222
176 176 4.67778
177 176 -0.997222
178 176 -0.663889
219 176 -0.663889
17 177 -0.000694444
18 177 -0.666667
25 177 -0.000694444
35 177 -0.666667
134 177 -0.997222
176 177 -0.997222
177 177 4.67778
178 177 -0.663889
220 177 -0.663889
17 178 -1
18 178 -1
26 178 -0.000694444
35 178 -0.000694444
132 178 -0.663889
133 178 -0.663889
176 178 -0.663889
177 178 -0.663889
178 178 4.67778
36 179 -2
54 179 -0.00208333
60 179 -2
61 179 -0.00208333
179 179 6.92222
180 179 0.563889
221 179 0.563889
223 179 -1.99167
263 179 -1.99167
23 180 -0.00208333
36 180 -2
60 180 -0.00208333
61 180 -2
179 180 0.563889
180 180 6.92222
222 180 0.563889
224 180 -1.99167
263 180 -1.99167
15 181 -0.00208333
36 181 -2
49 181 -2
54 181 -0.00208333
181 181 6.92222
182 181 0.563889
183 181 -1.99167
223 181 -1.99167
261 181 0.563889
15 182 -2
23 182 -0.00208333
36 182 -2
49 182 -0.00208333
127 182 0.563889
181 182 0.563889
182 182 6.92222
183 182 -1.99167
224 182 -1.99167
15 183 0.555556
26 183 -0.00208333
36 183 -0.00208333
49 183 0.555556
126 183 -1.99167
181 183 -1.99167
182 183 -1.99167
183 183 6.92222
262 183 -1.99167
37 184 -1.33333
50 184 -0.00138889
62 184 -0.00138889
63 184 -1.33333
184 184 5.35556
185 184 0.00555556
226 184 -1.32778
228 184 0.00555556
266 184 -1.32778
20 185 -0.00138889
37 185 -1.33333
62 185 -1.33333
63 185 -0.00138889
184 185 0.00555556
185 185 5.35556
225 185 -1.32778
227 185 0.00555556
266 185 -1.32778
12 186 -1.33333
20 186 -0.00138889
37 186 -1.33333
44 186 -0.00138889
118 186 0.00555556
186 186 5.35556
187 186 0.00555556
188 186 -1.32778
225 186 -1.32778
12 187 -0.00138889
37 187 -1.33333
44 187 -1.33333
50 187 -0.00138889
186 187 0.00555556
187 187 5.35556
188 187 -1.32778
226 187 -1.32778
248 187 0.00555556
12 188 3.95517e-16
37 188 -0.00138889
44 188 -9.71445e-17
55 188 -0.00138889
117 188 -1.32778
186 188 -1.32778
187 188 -1.32778
188 188 5.35556
247 188 -1.32778
38 189 -1.33333
51 189 -0.00104167
64 189 -0.00104167
65 189 -1.33333
189 189 4.90556
190 189 -0.440278
230 189 -0.6625
232 189 -0.440278
269 189 -0.6625
38 190 -0.666667
50 190 -0.00104167
64 190 -0.666667
65 190 -0.00104167
189 190 -0.440278
190 190 4.90556
229 190 -1.32917
231 190 -0.440278
269 190 -1.32917
38 191 -1.33333
44 191 -1.33333
45 191 -0.00104167
50 191 -0.00104167
191 191 4.90556
192 191 -0.440278
193 191 -0.6625
229 191 -0.6625
248 191 -0.440278
38 192 -0.666667
44 192 -0.00104167
45 192 -0.666667
51 192 -0.00104167
191 192 -0.440278
192 192 4.90556
193 192 -1.32917
230 192 -1.32917
251 192 -0.440278
38 193 -0.00104167
44 193 -0.444444
45 193 -0.444444
55 193 -0.00104167
191 193 -0.6625
192 193 -1.32917
193 193 4.90556
247 193 -1.32917
250 193 -0.6625
39 194 -0.666667
40 194 -0.000694444
41 194 -0.666667
52 194 -0.000694444
194 194 4.67778
195 194 -0.663889
196 194 -0.997222
234 194 -0.997222
237 194 -0.663889
39 195 -1
40 195 -1
41 195 -0.000694444
53 195 -0.000694444
194 195 -0.663889
195 195 4.67778
196 195 -0.663889
233 195 -0.663889
235 195 -0.663889
39 196 -0.000694444
40 196 -0.666667
41 196 -0.666667
51 196 -0.000694444
194 196 -0.997222
195 196 -0.663889
196 196 4.67778
236 196 -0.997222
238 196 -0.663889
39 197 -0.666667
46 197 -0.000694444
47 197 -0.666667
53 197 -0.000694444
197 197 4.67778
198 197 -0.663889
199 197 -0.997222
233 197 -0.997222
257 197 -0.663889
39 198 -1
46 198 -1
47 198 -0.000694444
52 198 -0.000694444
197 198 -0.663889
198 198 4.67778
199 198 -0.663889
234 198 -0.663889
254 198 -0.663889
39 199 -0.000694444
46 199 -0.666667
47 199 -0.666667
72 199 -0.000694444
197 199 -0.997222
198 199 -0.663889
199 199 4.67778
253 199 -0.997222
256 199 -0.663889
40 200 -0.666667
45 200 -0.000694444
48 200 -0.666667
53 200 -0.000694444
200 200 4.67778
201 200 -0.663889
202 200 -0.997222
235 200 -0.997222
258 200 -0.663889
40 201 -1
45 201 -1
48 201 -0.000694444
51 201 -0.000694444
200 201 -0.663889
201 201 4.67778
202 201 -0.663889
236 201 -0.663889
251 201 -0.663889
40 202 -0.000694444
45 202 -0.666667
48 202 -0.666667
55 202 -0.000694444
200 202 -0.997222
201 202 -0.663889
202 202 4.67778
250 202 -0.997222
259 202 -0.663889
41 203 -0.666667
52 203 -0.000694444
70 203 -0.000694444
71 203 -0.666667
203 203 4.67778
204 203 -0.997222
237 203 -0.663889
255 203 -0.997222
272 203 -0.663889
41 204 -0.666667
51 204 -0.000694444
70 204 -0.666667
71 204 -0.000694444
203 204 -0.997222
204 204 4.67778
238 204 -0.663889
252 204 -0.997222
272 204 -0.663889
21 205 -0.00104167
42 205 -0.666667
66 205 -0.00104167
67 205 -0.666667
205 205 4.90556
206 205 -0.440278
240 205 -1.32917
242 205 -0.440278
273 205 -1.32917
42 206 -1.33333
52 206 -0.00104167
66 206 -1.33333
67 206 -0.00104167
205 206 -0.440278
206 206 4.90556
239 206 -0.6625
241 206 -0.440278
273 206 -0.6625
13 207 -0.00104167
42 207 -0.666667
46 207 -0.666667
52 207 -0.00104167
207 207 4.90556
208 207 -0.440278
209 207 -1.32917
239 207 -1.32917
254 207 -0.440278
13 208 -1.33333
21 208 -0.00104167
42 208 -1.33333
46 208 -0.00104167
121 208 -0.440278
207 208 -0.440278
208 208 4.90556
209 208 -0.6625
240 208 -0.6625
13 209 -0.444444
42 209 -0.00104167
46 209 -0.444444
72 209 -0.00104167
122 209 -1.32917
207 209 -1.32917
208 209 -0.6625
209 209 4.90556
253 209 -0.6625
22 210 -0.00208333
43 210 -0.888889
68 210 -0.888889
69 210 -0.00208333
210 210 4.7
211 210 -0.547222
243 210 -0.547222
245 210 -0.880556
276 210 -0.880556
43 211 -0.888889
54 211 -0.00208333
68 211 -0.00208333
69 211 -0.888889
210 211 -0.547222
211 211 4.7
244 211 -0.547222
246 211 -0.880556
276 211 -0.880556
14 212 -0.888889
22 212 -0.00208333
43 212 -0.888889
49 212 -0.00208333
124 212 -0.547222
212 212 4.7
213 212 -0.547222
214 212 -0.880556
245 212 -0.880556
14 213 -0.00208333
43 213 -0.888889
49 213 -0.888889
54 213 -0.00208333
212 213 -0.547222
213 213 4.7
214 213 -0.880556
246 213 -0.880556
261 213 -0.547222
14 214 -0.555556
26 214 -0.00208333
43 214 -0.00208333
49 214 -0.555556
123 214 -0.880556
212 214 -0.880556
213 214 -0.880556
214 214 4.7
262 214 -0.880556
33 215 -0.666667
34 215 -0.000694444
48 215 -0.000694444
53 215 -0.666667
168 215 -0.663889
170 215 -0.997222
215 215 4.67778
217 215 -0.997222
258 215 -0.663889
16 216 -0.000694444
24 216 -0.666667
33 216 -0.666667
35 216 -0.000694444
130 216 -0.997222
167 216 -0.997222
171 216 -0.663889
216 216 4.67778
219 216 -0.663889
33 217 -0.000694444
34 217 -0.666667
47 217 -0.000694444
53 217 -0.666667
168 217 -0.663889
173 217 -0.997222
215 217 -0.997222
217 217 4.67778
257 217 -0.663889
19 218 -0.000694444
25 218 -0.666667
34 218 -0.666667
35 218 -0.000694444
135 218 -0.997222
169 218 -0.997222
174 218 -0.663889
218 218 4.67778
220 218 -0.663889
17 219 -0.000694444
24 219 -1
33 219 -0.000694444
35 219 -1
131 219 -0.663889
167 219 -0.663889
176 219 -0.663889
216 219 -0.663889
219 219 4.67778
18 220 -0.000694444
25 220 -1
34 220 -0.000694444
35 220 -1
134 220 -0.663889
169 220 -0.663889
177 220 -0.663889
218 220 -0.663889
220 220 4.67778
36 221 -0.00208333
54 221 -2
60 221 -2
108 221 -0.00208333
179 221 0.563889
221 221 6.92222
223 221 -1.99167
260 221 0.563889
264 221 -1.99167
23 222 -2
36 222 -0.00208333
59 222 -0.00208333
61 222 -2
128 222 0.563889
180 222 0.563889
222 222 6.92222
224 222 -1.99167
265 222 -1.99167
36 223 0.555556
49 223 -0.00208333
54 223 0.555556
60 223 -0.00208333
179 223 -1.99167
181 223 -1.99167
221 223 -1.99167
223 223 6.92222
261 223 -1.99167
15 224 -0.00208333
23 224 0.555556
36 224 0.555556
61 224 -0.00208333
127 224 -1.99167
180 224 -1.99167
182 224 -1.99167
222 224 -1.99167
224 224 6.92222
12 225 -0.00138889
20 225 -3.33067e-16
37 225 2.63678e-16
62 225 -0.00138889
118 225 -1.32778
185 225 -1.32778
186 225 -1.32778
225 225 5.35556
227 225 -1.32778
37 226 2.63678e-16
44 226 -0.00138889
50 226 -3.33067e-16
63 226 -0.00138889
184 226 -1.32778
187 226 -1.32778
226 226 5.35556
228 226 -1.32778
248 226 -1.32778
20 227 -1.33333
37 227 -0.00138889
56 227 -0.00138889
62 227 -1.33333
119 227 0.00555556
185 227 0.00555556
225 227 -1.32778
227 227 5.35556
267 227 -1.32778
37 228 -0.00138889
50 228 -1.33333
63 228 -1.33333
107 228 -0.00138889
184 228 0.00555556
226 228 -1.32778
228 228 5.35556
249 228 0.00555556
268 228 -1.32778
38 229 -0.444444
44 229 -0.00104167
50 229 -0.444444
64 229 -0.00104167
190 229 -1.32917
191 229 -0.6625
229 229 4.90556
231 229 -0.6625
248 229 -1.32917
38 230 -0.444444
45 230 -0.00104167
51 230 -0.444444
65 230 -0.00104167
189 230 -0.6625
192 230 -1.32917
230 230 4.90556
232 230 -1.32917
251 230 -0.6625
38 231 -0.00104167
50 231 -1.33333
64 231 -1.33333
107 231 -0.00104167
190 231 -0.440278
229 231 -0.6625
231 231 4.90556
249 231 -0.440278
270 231 -0.6625
38 232 -0.00104167
51 232 -0.666667
65 232 -0.666667
70 232 -0.00104167
189 232 -0.440278
230 232 -1.32917
232 232 4.90556
252 232 -0.440278
271 232 -1.32917
39 233 -0.666667
40 233 -0.000694444
47 233 -0.000694444
53 233 -0.666667
195 233 -0.663889
197 233 -0.997222
233 233 4.67778
235 233 -0.997222
257 233 -0.663889
39 234 -0.666667
41 234 -0.000694444
46 234 -0.000694444
52 234 -0.666667
194 234 -0.997222
198 234 -0.663889
234 234 4.67778
237 234 -0.663889
254 234 -0.997222
39 235 -0.000694444
40 235 -0.666667
48 235 -0.000694444
53 235 -0.666667
195 235 -0.663889
200 235 -0.997222
233 235 -0.997222
235 235 4.67778
258 235 -0.663889
40 236 -0.666667
41 236 -0.000694444
45 236 -0.000694444
51 236 -0.666667
196 236 -0.997222
201 236 -0.663889
236 236 4.67778
238 236 -0.663889
251 236 -0.997222
39 237 -0.000694444
41 237 -1
52 237 -1
71 237 -0.000694444
194 237 -0.663889
203 237 -0.663889
234 237 -0.663889
237 237 4.67778
255 237 -0.663889
40 238 -0.000694444
41 238 -1
51 238 -1
70 238 -0.000694444
196 238 -0.663889
204 238 -0.663889
236 238 -0.663889
238 238 4.67778
252 238 -0.663889
42 239 -0.444444
46 239 -0.00104167
52 239 -0.444444
66 239 -0.00104167
206 239 -0.6625
207 239 -1.32917
239 239 4.90556
241 239 -1.32917
254 239 -0.6625
13 240 -0.00104167
21 240 -0.444444
42 240 -0.444444
67 240 -0.00104167
121 240 -1.32917
205 240 -1.32917
208 240 -0.6625
240 240 4.90556
242 240 -0.6625
42 241 -0.00104167
52 241 -0.666667
66 241 -0.666667
71 241 -0.00104167
206 241 -0.440278
239 241 -1.32917
241 241 4.90556
255 241 -0.440278
274 241 -1.32917
21 242 -1.33333
42 242 -0.00104167
57 242 -0.00104167
67 242 -1.33333
120 242 -0.440278
205 242 -0.440278
240 242 -0.6625
242 242 4.90556
275 242 -0.6625
22 243 -0.888889
43 243 -0.00208333
58 243 -0.00208333
68 243 -0.888889
125 243 -0.547222
210 243 -0.547222
243 243 4.7
245 243 -0.880556
277 243 -0.880556
43 244 -0.00208333
54 244 -0.888889
69 244 -0.888889
108 244 -0.00208333
211 244 -0.547222
244 244 4.7
246 244 -0.880556
260 244 -0.547222
278 244 -0.880556
14 245 -0.00208333
22 245 -0.555556
43 245 -0.555556
68 245 -0.00208333
124 245 -0.880556
210 245 -0.880556
212 245 -0.880556
243 245 -0.880556
245 245 4.7
43 246 -0.555556
49 246 -0.00208333
54 246 -0.555556
69 246 -0.00208333
211 246 -0.880556
213 246 -0.880556
244 246 -0.880556
246 246 4.7
261 246 -0.880556
12 247 -0.00138889
44 247 -1
45 247 -0.00104167
55 247 -1
117 247 0.00555556
188 247 -1.32778
193 247 -1.32917
247 247 5.13056
250 247 -0.440278
37 248 -0.00138889
38 248 -0.00104167
44 248 -1
50 248 -1
187 248 0.00555556
191 248 -0.440278
226 248 -1.32778
229 248 -1.32917
248 248 5.13056
50 249 -1
63 249 -0.00138889
64 249 -0.00104167
107 249 -1
228 249 0.00555556
231 249 -0.440278
249 249 5.13056
268 249 -1.32778
270 249 -1.32917
44 250 -0.00104167
45 250 -1
48 250 -0.000694444
55 250 -1
193 250 -0.6625
202 250 -0.997222
247 250 -0.440278
250 250 4.79167
259 250 -0.663889
38 251 -0.00104167
40 251 -0.000694444
45 251 -1
51 251 -1
192 251 -0.440278
201 251 -0.663889
230 251 -0.6625
236 251 -0.997222
251 251 4.79167
41 252 -0.000694444
51 252 -1
65 252 -0.00104167
70 252 -1
204 252 -0.997222
232 252 -0.440278
238 252 -0.663889
252 252 4.79167
271 252 -0.6625
13 253 -0.00104167
46 253 -1
47 253 -0.000694444
72 253 -1
122 253 -0.440278
199 253 -0.997222
209 253 -0.6625
253 253 4.79167
256 253 -0.663889
39 254 -0.000694444
42 254 -0.00104167
46 254 -1
52 254 -1
198 254 -0.663889
207 254 -0.440278
234 254 -0.997222
239 254 -0.6625
254 254 4.79167
41 255 -0.000694444
52 255 -1
66 255 -0.00104167
71 255 -1
203 255 -0.997222
237 255 -0.663889
241 255 -0.440278
255 255 4.79167
274 255 -0.6625
19 256 -0.000694444
46 256 -0.000694444
47 256 -1
72 256 -1
136 256 -0.663889
175 256 -0.663889
199 256 -0.663889
253 256 -0.663889
256 256 4.67778
34 257 -0.000694444
39 257 -0.000694444
47 257 -1
53 257 -1
173 257 -0.663889
197 257 -0.663889
217 257 -0.663889
233 257 -0.663889
257 257 4.67778
33 258 -0.000694444
40 258 -0.000694444
48 258 -1
53 258 -1
170 258 -0.663889
200 258 -0.663889
215 258 -0.663889
235 258 -0.663889
258 258 4.67778
16 259 -0.000694444
45 259 -0.000694444
48 259 -1
55 259 -1
129 259 -0.663889
172 259 -0.663889
202 259 -0.663889
250 259 -0.663889
259 259 4.67778
54 260 -1.44444
60 260 -0.00208333
69 260 -0.00208333
108 260 -1.44444
221 260 0.563889
244 260 -0.547222
260 260 5.81111
264 260 -1.99167
278 260 -0.880556
36 261 -0.00208333
43 261 -0.00208333
49 261 -1.44444
54 261 -1.44444
181 261 0.563889
213 261 -0.547222
223 261 -1.99167
246 261 -0.880556
261 261 5.81111
14 262 -0.00208333
15 262 -0.00208333
26 262 -1.44444
49 262 -1.44444
123 262 -0.547222
126 262 0.563889
183 262 -1.99167
214 262 -0.880556
262 262 5.81111
36 263 -0.00208333
60 263 0.555556
61 263 0.555556
179 263 -1.99167
180 263 -1.99167
263 263 6.92222
311 263 -1.99167
312 263 -1.99167
54 264 -0.00208333
60 264 0.555556
108 264 0.555556
221 264 -1.99167
260 264 -1.99167
264 264 6.92222
291 264 -1.99167
292 264 -1.99167
23 265 -0.00208333
59 265 0.555556
61 265 0.555556
128 265 -1.99167
222 265 -1.99167
265 265 6.92222
293 265 -1.99167
294 265 -1.99167
37 266 -0.00138889
62 266 -9.71445e-17
63 266 3.95517e-16
184 266 -1.32778
185 266 -1.32778
266 266 5.35556
313 266 -1.32778
314 266 -1.32778
20 267 -0.00138889
56 267 3.33067e-16
62 267 3.33067e-16
119 267 -1.32778
227 267 -1.32778
267 267 5.35556
295 267 -1.32778
296 267 -1.32778
50 268 -0.00138889
63 268 3.33067e-16
107 268 3.33067e-16
228 268 -1.32778
249 268 -1.32778
268 268 5.35556
297 268 -1.32778
298 268 -1.32778
38 269 -0.00104167
64 269 -0.444444
65 269 -0.444444
189 269 -0.6625
190 269 -1.32917
269 269 4.90556
315 269 -0.6625
316 269 -1.32917
50 270 -0.00104167
64 270 -0.444444
107 270 -0.444444
231 270 -0.6625
249 270 -1.32917
270 270 4.90556
299 270 -1.32917
300 270 -0.6625
51 271 -0.00104167
65 271 -0.444444
70 271 -0.444444
232 271 -1.32917
252 271 -0.6625
271 271 4.90556
301 271 -0.6625
302 271 -1.32917
41 272 -0.000694444
70 272 -1
71 272 -1
203 272 -0.663889
204 272 -0.663889
272 272 4.67778
321 272 -0.663889
322 272 -0.663889
42 273 -0.00104167
66 273 -0.444444
67 273 -0.444444
205 273 -1.32917
206 273 -0.6625
273 273 4.90556
317 273 -1.32917
318 273 -0.6625
52 274 -0.00104167
66 274 -0.444444
71 274 -0.444444
241 274 -1.32917
255 274 -0.6625
274 274 4.90556
303 274 -0.6625
304 274 -1.32917
21 275 -0.00104167
57 275 -0.444444
67 275 -0.444444
120 275 -1.32917
242 275 -0.6625
275 275 4.90556
305 275 -1.32917
306 275 -0.6625
43 276 -0.00208333
68 276 -0.555556
69 276 -0.555556
210 276 -0.880556
211 276 -0.880556
276 276 4.7
319 276 -0.880556
320 276 -0.880556
22 277 -0.00208333
58 277 -0.555556
68 277 -0.555556
125 277 -0.880556
243 277 -0.880556
277 277 4.7
307 277 -0.880556
308 277 -0.880556
54 278 -0.00208333
69 278 -0.555556
108 278 -0.555556
244 278 -0.880556
260 278 -0.880556
278 278 4.7
309 278 -0.880556
310 278 -0.880556
28 279 0.29112
56 279 -0.719462
111 279 -1.19569
138 279 0.176214
279 279 5.63743
286 279 -2.34576
296 279 0.00555556
30 280 -0.109701
57 280 -0.379829
116 280 0.439482
140 280 0.198403
280 280 5.78845
290 280 -2.64773
306 280 -0.440278
29 281 0.306736
58 281 -0.32945
114 281 -1.28106
139 281 0.264825
281 281 5.71074
288 281 -2.94204
308 281 -0.547222
27 282 -0.0237105
59 282 -0.913287
109 282 0.0269348
137 282 0.242551
282 282 6.54536
284 282 -2.70088
294 282 0.563889
27 283 -1.00235
31 283 0.102583
110 283 -0.34594
137 283 -2.58655
141 283 -2.52142
283 283 7.74629
27 284 0.0477603
59 284 -0.95533
109 284 -0.237748
137 284 -2.63202
282 284 -2.70088
284 284 7.75579
28 285 0.163949
31 285 -1.06249
112 285 -0.466647
138 285 -2.42446
141 285 -2.48467
285 285 7.80686
28 286 -1.13986
56 286 0.23405
111 286 -0.603981
138 286 -2.39935
279 286 -2.34576
286 286 7.9611
29 287 0.252938
32 287 -1.4004
113 287 -0.362395
139 287 -2.84015
142 287 -2.77991
287 287 8.51958
29 288 -1.32012
58 288 0.191554
114 288 -0.236707
139 288 -2.8769
281 288 -2.94204
288 288 8.45873
30 289 -1.50506
32 289 0.323062
115 289 -0.506447
140 289 -2.70118
142 289 -2.75481
289 289 8.67419
30 290 0.405222
57 290 -1.64396
116 290 -0.675917
140 290 -2.69213
280 290 -2.64773
290 290 8.95815
60 291 -2
108 291 -0.00208333
264 291 -1.99167
291 291 6.92222
292 291 0.563889
311 291 0.563889
60 292 -0.00208333
108 292 -2
264 292 -1.99167
291 292 0.563889
292 292 6.92222
324 292 0.563889
59 293 -0.00208333
61 293 -2
265 293 -1.99167
293 293 6.92222
294 293 0.563889
312 293 0.563889
59 294 -2
61 294 -0.00208333
265 294 -1.99167
282 294 0.563889
293 294 0.563889
294 294 6.92222
56 295 -0.00138889
62 295 -1.33333
267 295 -1.32778
295 295 5.35556
296 295 0.00555556
313 295 0.00555556
56 296 -1.33333
62 296 -0.00138889
267 296 -1.32778
279 296 0.00555556
295 296 0.00555556
296 296 5.35556
63 297 -1.33333
107 297 -0.00138889
268 297 -1.32778
297 297 5.35556
298 297 0.00555556
314 297 0.00555556
63 298 -0.00138889
107 298 -1.33333
268 298 -1.32778
297 298 0.00555556
298 298 5.35556
323 298 0.00555556
64 299 -0.666667
107 299 -0.00104167
270 299 -1.32917
299 299 4.90556
300 299 -0.440278
315 299 -0.440278
64 300 -0.00104167
107 300 -1.33333
270 300 -0.6625
299 300 -0.440278
300 300 4.90556
323 300 -0.440278
65 301 -1.33333
70 301 -0.00104167
271 301 -0.6625
301 301 4.90556
302 301 -0.440278
316 301 -0.440278
65 302 -0.00104167
70 302 -0.666667
271 302 -1.32917
301 302 -0.440278
302 302 4.90556
321 302 -0.440278
66 303 -1.33333
71 303 -0.00104167
274 303 -0.6625
303 303 4.90556
304 303 -0.440278
317 303 -0.440278
66 304 -0.00104167
71 304 -0.666667
274 304 -1.32917
303 304 -0.440278
304 304 4.90556
322 304 -0.440278
57 305 -0.00104167
67 305 -0.666667
275 305 -1.32917
305 305 4.90556
306 305 -0.440278
318 305 -0.440278
57 306 -1.33333
67 306 -0.00104167
275 306 -0.6625
280 306 -0.440278
305 306 -0.440278
306 306 4.90556
58 307 -0.00208333
68 307 -0.888889
277 307 -0.880556
307 307 4.7
308 307 -0.547222
319 307 -0.547222
58 308 -0.888889
68 308 -0.00208333
277 308 -0.880556
281 308 -0.547222
307 308 -0.547222
308 308 4.7
69 309 -0.888889
108 309 -0.00208333
278 309 -0.880556
309 309 4.7
310 309 -0.547222
320 309 -0.547222
69 310 -0.00208333
108 310 -0.888889
278 310 -0.880556
309 310 -0.547222
310 310 4.7
324 310 -0.547222
60 311 -2
61 311 -0.00208333
263 311 -1.99167
291 311 0.563889
311 311 6.92222
312 311 0.563889
60 312 -0.00208333
61 312 -2
263 312 -1.99167
293 312 0.563889
311 312 0.563889
312 312 6.92222
62 313 -1.33333
63 313 -0.00138889
266 313 -1.32778
295 313 0.00555556
313 313 5.35556
314 313 0.00555556
62 314 -0.00138889
63 314 -1.33333
266 314 -1.32778
297 314 0.00555556
313 314 0.00555556
314 314 5.35556
64 315 -1.33333
65 315 -0.00104167
269 315 -0.6625
299 315 -0.440278
315 315 4.90556
316 315 -0.440278
64 316 -0.00104167
65 316 -0.666667
269 316 -1.32917
301 316 -0.440278
315 316 -0.440278
316 316 4.90556
66 317 -0.666667
67 317 -0.00104167
273 317 -1.32917
303 317 -0.440278
317 317 4.90556
318 317 -0.440278
66 318 -0.00104167
67 318 -1.33333
273 318 -0.6625
305 318 -0.440278
317 318 -0.440278
318 318 4.90556
68 319 -0.888889
69 319 -0.00208333
276 319 -0.880556
307 319 -0.547222
319 319 4.7
320 319 -0.547222
68 320 -0.00208333
69 320 -0.888889
276 320 -0.880556
309 320 -0.547222
319 320 -0.547222
320 320 4.7
70 321 -1
71 321 -0.000694444
272 321 -0.663889
302 321 -0.440278
321 321 4.79167
322 321 -0.997222
70 322 -0.000694444
71 322 -1
272 322 -0.663889
304 322 -0.440278
321 322 -0.997222
322 322 4.79167
107 323 -1
298 323 0.00555556
300 323 -0.440278
323 323 5.13056
108 324 -1.44444
292 324 0.563889
310 324 -0.547222
324 324 5.81111
325 325 1
326 326 1
327 327 1
328 328 1
329 329 1
330 330 1
331 331 1
332 332 1
333 333 1
334 334 1
335 335 1
336 336 1
337 337 1
338 338 1
339 339 1
340 340 1
341 341 1
342 342 1
343 343 1
344 344 1
345 345 1
346 346 1
347 347 1
348 348 1
349 349 1
350 350 1
351 351 1
352 352 1
353 353 1
354 354 1
355 355 1
356 356 1
357 357 1
358 358 1
359 359 1
360 360 1
361 361 1
362 362 1
363 363 1
364 364 1
365 365 1
366 366 1
367 367 1
368 368 1
369 369 1
370 370 1
371 371 1
372 372 1
373 373 1
374 374 1
375 375 1
376 376 1
377 377 1
378 378 1
379 379 1
380 380 1
12.0582
10.3493
6.93388
5.20991
11.2059
11.153
9.4568
7.81134
6.07355
6.08191
10.3072
6.948
4.74525
2.17314
3.90728
6.44385
5.61791
6.47765
3.02767
2.16884
4.30093
2.60777
4.34723
5.98351
6.04889
2.59926
5.18018
10.2471
8.56482
8.68491
6.95103
9.40846
7.81915
0.000759549
0.000759549
0.000759549
0.0100911
0.00347222
0.00179036
0.000759549
0.000759549
0.000759549
0.00179036
0.00683594
0.00198025
0.0043674
-0.000320095
0.000759549
0.000759549
0.00338542
0.00054796
0.00420464
-0.000482856
0.000759549
-0.00169271
2.59522
3.85705
3.04111
4.78485
5.52226
0.0100911
0.0100911
0.00347222
0.00347222
0.00179036
0.00179036
0.00179036
0.00179036
0.00683594
0.00683594
0.00404188
-0.000645616
0.868382
25.0193
23.2646
23.2114
24.9641
21.4001
18.0215
21.5904
21.5557
19.8061
19.8388
16.4967
14.7245
14.7455
13.0078
12.9884
9.55382
11.292
11.2838
9.54647
13.0333
21.5132
23.3092
21.4607
23.1473
19.7156
19.7644
18.0597
14.7676
14.7597
16.483
13.0218
11.2711
13.0302
11.2958
-0.000884332
-0.00677083
21.3278
19.6561
16.2821
17.9737
16.5043
18.2329
14.7704
13.0324
30.66
29.7226
28.7749
21.2872
20.418
19.539
38.46
39.4114
40.3338
44.3974
43.3729
42.3201
21.1869
22.0502
22.9063
23.7543
16.85
16.0129
15.1682
14.3166
19.5892
16.2394
18.2383
14.7673
17.9196
16.5051
48.3294
44.7256
48.1118
51.7393
44.4752
41.1167
34.3415
37.7379
44.9005
41.3202
37.8984
41.4555
31.2649
34.7169
31.2081
27.768
24.2603
27.6862
20.85
24.3144
20.8182
17.3631
27.8013
24.3289
20.775
20.7888
20.7854
20.7789
20.7654
20.7659
20.8101
20.807
20.8179
20.7541
20.7646
20.7471
61.9119
61.8182
62.0369
61.9432
62.0518
41.3191
41.2983
41.3816
41.4024
41.4313
31.1271
31.0883
31.1017
31.1391
31.1242
20.8166
20.8096
20.8062
20.8206
20.8279
20.8284
20.7893
20.7862
20.7763
20.8166
20.8062
31.2758
31.2677
31.2641
31.2735
31.2648
62.3234
62.2296
62.2999
62.2062
62.2302
20.7906
20.7633
20.801
20.7945
20.7595
20.7803
61.9705
61.6893
62.0108
61.8233
41.3271
41.3688
41.267
41.3295
31.0754
31.1515
31.045
31.1615
20.8114
20.8258
20.801
20.7945
20.822
20.8012
31.2609
31.2785
31.2553
31.2794
62.4015
62.1202
62.3572
62.1697
36.291
36.2378
36.1663
25.9491
25.9737
25.9902
26.045
26.0435
26.0339
20.8272
20.8116
20.7908
20.7647
62.0073
62.1038
62.1495
61.8018
61.919
61.544
41.2646
41.2021
41.2854
31.0988
31.0109
31.1691
20.8096
31.2707
31.2472
31.2765
62.2771
62.4333
62.0583
27.8184
22.1453
41.2251
41.2412
37.5099
40.8373
34.16
30.7903
34.7439
38.2047
31.2728
27.794
61.8299
61.8533
61.5486
61.3846
41.1733
41.1316
41.2358
41.2358
31.0219
30.9728
31.1427
31.1742
31.2521
31.2367
31.2719
31.2696
62.3898
62.4523
62.1085
61.9835
61.7713
61.6775
41.2045
41.2253
31.0665
31.1068
31.2631
31.2696
62.3117
62.2179
25.9985
26.0162
36.0766
61.86
0
0
0
0
0
0
0
0
0
0
0
0
0
0
0
0
0
0
0
0
0
0
0
0
0
0
0
0
0
0
0
0
0
0
0
0
0
0
0
0
0
0
0
0
0
0
0
0
0
0
0
0
0
0
0
0
