3937
381 381
0 0 3.96388
0 31 0.129955
0 32 0.103011
0 35 0.145655
0 36 0.360069
0 39 -0.0832006
0 97 0.0434693
0 102 -0.0362361
0 106 -1.29353
0 107 -0.809302
0 114 -0.967946
0 115 -1.44444
0 122 -0.352555
0 233 -0.00208333
0 301 -0.199956
0 304 -0.0577112
0 321 0.202708
0 324 0.130047
0 325 -0.00208333
0 337 -0.000694444
0 357 0.714042
0 377 -0.537896
1 1 5.28942
1 30 0.0929055
1 41 0.249653
1 42 -0.0834053
1 45 0.249566
1 96 -0.192114
1 103 -1.33634
1 126 -1
1 127 -0.558209
1 134 -1
1 251 -0.00104167
1 263 -0.000694444
1 297 0.834263
1 300 0.908575
1 340 -0.000694444
1 353 -3.45101
2 2 3.51666
2 33 0.0808273
2 40 0.249653
2 47 0.249566
2 49 0.249392
2 51 0.095271
2 99 -0.0046246
2 110 -0.685247
2 123 -1
2 138 -1
2 142 -1
2 146 -0.752809
2 260 -0.000694444
2 275 -0.00104167
2 287 -0.00138889
2 309 0.0599164
2 312 0.0279251
2 343 -0.000694444
2 365 -0.0801042
3 3 1
4 4 1
5 5 1
6 6 1
7 7 1
8 8 1
9 9 1
10 10 4.78801
10 30 0.107242
10 31 0.11935
10 82 -0.36093
10 92 0.249653
10 93 0.166319
10 96 0.0596901
10 97 -0.150834
10 104 -1.30191
10 105 -1.2765
10 207 -0.0522586
10 227 -1
10 229 -0.666667
10 297 -0.253677
10 298 -0.122112
10 301 0.630874
10 302 0.725893
10 338 -0.000694444
10 341 -0.000694444
10 346 -0.000694444
10 354 0.975335
10 358 -2.63279
11 11 3.12559
11 32 0.0958889
11 33 0.0885156
11 88 -0.174386
11 92 0.249653
11 94 0.166319
11 99 -0.0411201
11 102 -0.0111797
11 108 -0.752271
11 109 -0.739205
11 219 -0.047857
11 228 -1
11 231 -0.666667
11 311 0.211991
11 312 0.156795
11 323 0.095141
11 324 0.0459312
11 339 -0.000694444
11 344 -0.000694444
11 348 -0.000694444
11 368 -0.608942
11 380 -0.186039
12 12 4.14104
12 34 0.125693
12 35 0.135998
12 87 0.0625398
12 89 -0.139931
12 90 0.498958
12 101 -0.0531103
12 102 -0.00879629
12 112 -0.92766
12 113 -0.92613
12 217 -1.11563
12 221 0.555556
12 223 -2
12 319 0.188706
12 320 0.280699
12 321 0.103145
12 322 0.0188624
12 326 -0.00208333
12 329 -0.00208333
12 334 -0.00208333
12 376 -0.792394
12 378 -0.135216
13 13 4.35208
13 36 0.360069
13 37 0.360069
13 66 0.137847
13 67 0.221181
13 89 -0.139931
13 91 0.498958
13 116 -1.44444
13 117 -1.44444
13 175 -0.555556
13 177 -0.888889
13 222 0.555556
13 225 -2
13 234 -0.00208333
13 237 -0.00208333
13 242 -0.00208333
13 327 -0.00208333
13 332 -0.00208333
13 336 -0.00208333
14 14 3.94766
14 38 -0.0499949
14 39 -0.0653365
14 66 0.137847
14 68 0.221181
14 83 0.0893341
14 97 -0.113236
14 98 0.0201548
14 120 -0.327326
14 121 -0.352174
14 176 -0.555556
14 179 -0.888889
14 209 -1.57683
14 235 -0.00208333
14 240 -0.00208333
14 244 -0.00208333
14 303 0.41108
14 304 0.545359
14 305 0.0148414
14 306 -0.106241
14 360 -1.67653
14 362 0.335243
15 15 3.50625
15 40 0.249653
15 41 0.249653
15 73 0.166319
15 74 0.166319
15 93 0.166319
15 94 0.166319
15 124 -1
15 125 -1
15 190 -0.666667
15 192 -0.666667
15 230 -0.666667
15 232 -0.666667
15 262 -0.000694444
15 265 -0.000694444
15 267 -0.000694444
15 342 -0.000694444
15 345 -0.000694444
15 347 -0.000694444
16 16 4.29673
16 42 -0.0625648
16 43 -0.0456231
16 69 0.332813
16 71 0.11059
16 81 0.0282414
16 95 -0.117265
16 96 0.0513101
16 128 -0.462039
16 129 -0.405926
16 182 -1.33333
16 185 -0.444444
16 205 -1.43814
16 247 -0.00104167
16 252 -0.00104167
16 256 -0.00104167
16 293 0.563142
16 294 0.495271
16 299 -0.189275
16 300 -0.119522
16 350 -2.05124
16 356 0.797003
17 17 3.59115
17 44 0.249566
17 45 0.249566
17 70 0.166146
17 71 0.11059
17 72 0.249653
17 74 0.166319
17 132 -1
17 133 -1
17 184 -0.666667
17 186 -0.444444
17 188 -1
17 191 -0.666667
17 250 -0.00104167
17 253 -0.00104167
17 255 -0.00104167
17 259 -0.000694444
17 264 -0.000694444
17 268 -0.000694444
18 18 3.59115
18 46 0.249566
18 47 0.249566
18 72 0.249653
18 73 0.166319
18 75 0.166146
18 77 0.11059
18 136 -1
18 137 -1
18 187 -1
18 189 -0.666667
18 194 -0.666667
18 197 -0.444444
18 258 -0.000694444
18 261 -0.000694444
18 266 -0.000694444
18 271 -0.00104167
18 276 -0.00104167
18 280 -0.00104167
19 19 3.84427
19 48 0.249392
19 49 0.249392
19 76 0.332813
19 77 0.11059
19 78 0.332639
19 80 -0.000694444
19 140 -1
19 141 -1
19 196 -1.33333
19 198 -0.444444
19 200 -1.33333
19 203 -3.33067e-16
19 274 -0.00104167
19 277 -0.00104167
19 279 -0.00104167
19 283 -0.00138889
19 288 -0.00138889
19 292 -0.00138889
20 20 3.5127
20 50 0.075621
20 51 0.0858196
20 79 0.332639
20 80 -0.000694444
20 85 0.0173719
20 99 -0.0532323
20 100 0.00762973
20 144 -0.723556
20 145 -0.717414
20 202 -1.33333
20 204 -3.33067e-16
20 213 -0.879874
20 286 -0.00138889
20 289 -0.00138889
20 291 -0.00138889
20 309 0.267795
20 310 0.223757
20 315 -0.0247218
20 316 0.0223701
20 366 -0.917163
20 372 0.112788
21 21 1
22 22 1
23 23 1
24 24 1
25 25 1
26 26 1
27 27 1
28 28 4.5249
28 81 0.051122
28 82 -0.321727
28 83 0.0711861
28 84 -0.289189
28 95 0.0298851
28 96 -0.132651
28 97 0.0361547
28 98 -0.0991329
28 206 -1.49385
28 208 0.00231819
28 210 -1.49047
28 212 0.0730535
28 294 -0.136217
28 295 -0.0295258
28 298 0.61137
28 299 0.491859
28 302 -0.0536134
28 303 -0.14556
28 306 0.404556
28 307 0.490037
28 351 0.491469
28 355 -1.929
28 359 0.558214
28 363 -1.70824
29 29 3.01662
29 85 0.0331281
29 86 -0.214076
29 87 0.0481279
29 88 -0.193526
29 99 -0.00253837
29 100 -0.0594368
29 101 0.000243273
29 102 -0.0463658
29 214 -0.981626
29 216 0.0246892
29 218 -1.00497
29 220 0.0311097
29 310 0.0014916
29 311 0.0696629
29 314 0.295647
29 315 0.220774
29 318 0.06054
29 319 -0.00421966
29 322 0.187018
29 323 0.246941
29 367 -0.0356251
29 371 -0.881312
29 375 -0.00598005
29 379 -0.795902
30 1 0.0929055
30 10 0.107242
30 30 5.08191
30 41 0.166319
30 42 0.0719267
30 82 -0.167684
30 93 0.249653
30 96 -0.359432
30 103 -1.33849
30 104 -1.29219
30 126 -0.000694444
30 127 -0.295832
30 207 0.713996
30 229 -0.000694444
30 297 -0.201508
30 298 0.798986
30 300 -0.166673
30 340 -0.666667
30 341 -1
30 342 -0.000694444
30 353 1.17175
30 354 -2.96195
31 0 0.129955
31 10 0.11935
31 31 4.5968
31 32 0.249653
31 39 -0.138638
31 82 0.0506049
31 92 0.166319
31 97 -0.367291
31 105 -1.29024
31 106 -1.27742
31 107 -0.000694444
31 122 0.570234
31 207 -0.223239
31 227 -0.000694444
31 301 0.0672855
31 302 -0.0869515
31 304 0.67487
31 337 -1
31 338 -0.666667
31 339 -0.000694444
31 357 -2.39859
31 358 0.829089
32 0 0.103011
32 11 0.0958889
32 31 0.249653
32 32 3.14302
32 35 -0.0140769
32 88 -0.038404
32 92 0.166319
32 102 -0.190647
32 106 -0.000694444
32 107 -0.787875
32 108 -0.773615
32 114 0.0536998
32 219 0.142287
32 228 -0.000694444
32 321 0.11143
32 323 0.206245
32 324 0.0106247
32 337 -1
32 338 -0.000694444
32 339 -0.666667
32 377 -0.232844
32 380 -0.569456
33 2 0.0808273
33 11 0.0885156
33 33 3.1177
33 40 0.166319
33 51 -0.0445227
33 88 -0.00804851
33 94 0.249653
33 99 -0.158647
33 109 -0.717959
33 110 -0.706377
33 123 -0.000694444
33 146 0.174128
33 219 0.0374021
33 231 -0.000694444
33 309 0.220491
33 311 0.0780389
33 312 -0.10944
33 343 -0.666667
33 344 -1
33 345 -0.000694444
33 365 -0.658248
33 368 -0.135443
34 12 0.125693
34 34 4.24484
34 87 -0.00291422
34 90 -0.139931
34 101 0.0723274
34 111 -0.913287
34 112 -0.907907
34 217 0.0854698
34 223 -0.00208333
34 317 0.227942
34 319 -0.00767517
34 320 -1.21269
34 328 -2
34 329 0.555556
34 330 -0.00208333
34 373 -0.95533
34 376 -0.0396556
35 0 0.145655
35 12 0.135998
35 32 -0.0140769
35 35 4.06196
35 36 -0.139931
35 87 -0.0439693
35 89 0.498958
35 102 0.0514063
35 107 0.118854
35 113 -0.946144
35 114 -0.94771
35 115 -0.00208333
35 217 0.238769
35 221 -0.00208333
35 321 -1.02655
35 322 0.156538
35 324 0.0433107
35 325 0.555556
35 326 -2
35 327 -0.00208333
35 377 -0.220984
35 378 -0.654883
36 0 0.360069
36 13 0.360069
36 35 -0.139931
36 36 4.35208
36 39 0.137847
36 66 0.221181
36 89 0.498958
36 114 -0.00208333
36 115 -1.44444
36 116 -1.44444
36 122 -0.00208333
36 175 -0.00208333
36 222 -0.00208333
36 233 -0.555556
36 234 -0.888889
36 235 -0.00208333
36 325 0.555556
36 326 -0.00208333
36 327 -2
37 13 0.360069
37 37 4.35208
37 67 0.137847
37 91 -0.139931
37 117 -1.44444
37 118 -1.44444
37 177 -0.00208333
37 225 -0.00208333
37 236 -0.888889
37 237 -0.555556
37 238 -0.00208333
37 331 -2
37 332 0.555556
37 333 -0.00208333
38 14 -0.0499949
38 38 3.72098
38 68 0.137847
38 83 -0.093242
38 98 0.0863171
38 119 -0.32945
38 120 -0.345987
38 179 -0.00208333
38 209 0.458951
38 239 -0.888889
38 240 -0.555556
38 241 -0.00208333
38 305 -1.43983
38 306 0.335926
38 308 -0.0693465
38 361 0.191554
38 362 -1.38639
39 0 -0.0832006
39 14 -0.0653365
39 31 -0.138638
39 36 0.137847
39 39 4.24434
39 66 0.221181
39 83 0.0306631
39 97 0.0884394
39 106 0.653502
39 115 -0.00208333
39 121 -0.334007
39 122 -0.370168
39 176 -0.00208333
39 209 -0.0177743
39 233 -0.555556
39 234 -0.00208333
39 235 -0.888889
39 301 0.507224
39 303 -0.149018
39 304 -1.73678
39 357 -2.03968
39 360 0.506006
40 2 0.249653
40 15 0.249653
40 33 0.166319
40 40 3.50625
40 47 0.166319
40 73 0.166319
40 94 0.166319
40 110 -0.000694444
40 123 -1
40 124 -1
40 138 -0.000694444
40 190 -0.000694444
40 232 -0.000694444
40 260 -0.666667
40 261 -0.000694444
40 262 -0.666667
40 343 -0.666667
40 344 -0.000694444
40 345 -0.666667
41 1 0.249653
41 15 0.249653
41 30 0.166319
41 41 3.50625
41 45 0.166319
41 74 0.166319
41 93 0.166319
41 103 -0.000694444
41 125 -1
41 126 -1
41 134 -0.000694444
41 192 -0.000694444
41 230 -0.000694444
41 263 -0.666667
41 264 -0.000694444
41 265 -0.666667
41 340 -0.666667
41 341 -0.000694444
41 342 -0.666667
42 1 -0.0834053
42 16 -0.0625648
42 30 0.0719267
42 42 4.83576
42 45 0.11059
42 71 0.332812
42 81 -0.14805
42 96 0.0154366
42 103 -0.189528
42 127 -0.549422
42 128 -0.458968
42 134 -0.00104167
42 185 -0.00104167
42 205 0.704702
42 251 -0.444444
42 252 -1.33333
42 253 -0.00104167
42 297 -0.259564
42 299 0.632787
42 300 -1.67011
42 353 1.11809
42 356 -2.61742
43 16 -0.0456231
43 43 3.92795
43 69 0.11059
43 81 0.0362605
43 95 0.0323142
43 129 -0.415246
43 130 -0.379829
43 182 -0.00104167
43 205 -0.0694987
43 245 -1.33333
43 246 -0.00104167
43 247 -0.444444
43 293 -1.25803
43 294 -0.135549
43 296 0.396541
43 349 -1.64396
43 350 0.561841
44 17 0.249566
44 44 3.59115
44 46 0.249653
44 70 0.11059
44 72 0.166319
44 131 -1
44 132 -1
44 135 -0.000694444
44 184 -0.00104167
44 188 -0.000694444
44 248 -0.666667
44 249 -0.00104167
44 250 -0.444444
44 257 -1
44 258 -0.000694444
44 259 -0.666667
45 1 0.249566
45 17 0.249566
45 41 0.166319
45 42 0.11059
45 45 3.59115
45 71 0.166146
45 74 0.249653
45 126 -0.000694444
45 127 -0.00104167
45 133 -1
45 134 -1
45 186 -0.00104167
45 191 -0.000694444
45 251 -0.444444
45 252 -0.00104167
45 253 -0.666667
45 263 -0.666667
45 264 -1
45 265 -0.000694444
46 18 0.249566
46 44 0.249653
46 46 3.59115
46 72 0.166319
46 75 0.11059
46 131 -0.000694444
46 135 -1
46 136 -1
46 187 -0.000694444
46 194 -0.00104167
46 257 -1
46 258 -0.666667
46 259 -0.000694444
46 269 -0.666667
46 270 -0.00104167
46 271 -0.444444
47 2 0.249566
47 18 0.249566
47 40 0.166319
47 47 3.59115
47 49 0.11059
47 73 0.249653
47 77 0.166146
47 123 -0.000694444
47 137 -1
47 138 -1
47 142 -0.00104167
47 189 -0.000694444
47 197 -0.00104167
47 260 -0.666667
47 261 -1
47 262 -0.000694444
47 275 -0.444444
47 276 -0.666667
47 277 -0.00104167
48 19 0.249392
48 48 3.84427
48 76 0.11059
48 78 -0.000694444
48 139 -1
48 140 -1
48 196 -0.00104167
48 200 -0.00138889
48 272 -1.33333
48 273 -0.00104167
48 274 -0.444444
48 281 -1.33333
48 282 -0.00138889
48 283 3.33067e-16
49 2 0.249392
49 19 0.249392
49 47 0.11059
49 49 3.84427
49 51 -0.000694444
49 77 0.332812
49 80 0.332639
49 138 -0.00104167
49 141 -1
49 142 -1
49 146 -0.00138889
49 198 -0.00104167
49 203 -0.00138889
49 275 -0.444444
49 276 -0.00104167
49 277 -1.33333
49 287 -9.71445e-17
49 288 -1.33333
49 289 -0.00138889
50 20 0.075621
50 50 3.64832
50 79 -0.000694444
50 85 -0.0639746
50 100 0.0254347
50 143 -0.719462
50 144 -0.706713
50 202 -0.00138889
50 213 0.317867
50 284 -1.33333
50 285 -0.00138889
50 286 3.33067e-16
50 313 -0.0560248
50 315 0.267172
50 316 -0.987491
50 369 0.23405
50 372 -1.10324
51 2 0.095271
51 20 0.0858196
51 33 -0.0445227
51 49 -0.000694444
51 51 3.41504
51 80 0.332639
51 85 0.00106935
51 99 0.00730722
51 110 0.226768
51 142 -0.00138889
51 145 -0.735341
51 146 -0.734095
51 204 -0.00138889
51 213 0.0426309
51 287 3.95517e-16
51 288 -0.00138889
51 289 -1.33333
51 309 -0.784245
51 310 0.00296414
51 312 0.189662
51 365 -0.767574
51 366 0.0095783
52 52 1
53 53 1
54 54 1
55 55 1
56 56 1
57 57 1
58 58 1
59 59 1
60 60 1
61 61 1
62 62 1
63 63 1
64 64 1
65 65 1
66 13 0.137847
66 14 0.137847
66 36 0.221181
66 39 0.221181
66 66 3.51875
66 67 0.221181
66 68 0.221181
66 116 -0.00208333
66 121 -0.00208333
66 175 -0.555556
66 176 -0.555556
66 177 -0.00208333
66 179 -0.00208333
66 233 -0.00208333
66 234 -0.888889
66 235 -0.888889
66 242 -0.888889
66 243 -0.00208333
66 244 -0.888889
67 13 0.221181
67 37 0.137847
67 66 0.221181
67 67 3.51875
67 68 0.137847
67 117 -0.00208333
67 175 -0.00208333
67 177 -0.888889
67 178 -0.888889
67 180 -0.00208333
67 236 -0.00208333
67 237 -0.555556
67 238 -0.888889
67 242 -0.888889
67 243 -0.555556
67 244 -0.00208333
68 14 0.221181
68 38 0.137847
68 66 0.221181
68 67 0.137847
68 68 3.51875
68 120 -0.00208333
68 176 -0.00208333
68 178 -0.00208333
68 179 -0.888889
68 180 -0.888889
68 239 -0.00208333
68 240 -0.555556
68 241 -0.888889
68 242 -0.00208333
68 243 -0.555556
68 244 -0.888889
69 16 0.332813
69 43 0.11059
69 69 3.67604
69 70 0.11059
69 71 0.166146
69 129 -0.00104167
69 181 -1.33333
69 182 -1.33333
69 183 -0.00104167
69 185 -0.00104167
69 245 -0.00104167
69 246 -0.666667
69 247 -0.444444
69 254 -0.444444
69 255 -0.00104167
69 256 -0.666667
70 17 0.166146
70 44 0.11059
70 69 0.11059
70 70 3.67604
70 71 0.332812
70 132 -0.00104167
70 181 -0.00104167
70 183 -0.666667
70 184 -0.666667
70 186 -0.00104167
70 248 -0.00104167
70 249 -1.33333
70 250 -0.444444
70 254 -0.444444
70 255 -1.33333
70 256 -0.00104167
71 16 0.11059
71 17 0.11059
71 42 0.332812
71 45 0.166146
71 69 0.166146
71 70 0.332812
71 71 3.67604
71 128 -0.00104167
71 133 -0.00104167
71 182 -0.00104167
71 184 -0.00104167
71 185 -0.444444
71 186 -0.444444
71 251 -0.00104167
71 252 -1.33333
71 253 -0.666667
71 254 -0.00104167
71 255 -1.33333
71 256 -0.666667
72 17 0.249653
72 18 0.249653
72 44 0.166319
72 46 0.166319
72 72 3.50625
72 73 0.166319
72 74 0.166319
72 132 -0.000694444
72 136 -0.000694444
72 187 -1
72 188 -1
72 189 -0.000694444
72 191 -0.000694444
72 257 -0.000694444
72 258 -0.666667
72 259 -0.666667
72 266 -0.666667
72 267 -0.000694444
72 268 -0.666667
73 15 0.166319
73 18 0.166319
73 40 0.166319
73 47 0.249653
73 72 0.166319
73 73 3.50625
73 74 0.249653
73 124 -0.000694444
73 137 -0.000694444
73 187 -0.000694444
73 189 -0.666667
73 190 -0.666667
73 192 -0.000694444
73 260 -0.000694444
73 261 -1
73 262 -0.666667
73 266 -0.666667
73 267 -1
73 268 -0.000694444
74 15 0.166319
74 17 0.166319
74 41 0.166319
74 45 0.249653
74 72 0.166319
74 73 0.249653
74 74 3.50625
74 125 -0.000694444
74 133 -0.000694444
74 188 -0.000694444
74 190 -0.000694444
74 191 -0.666667
74 192 -0.666667
74 263 -0.000694444
74 264 -1
74 265 -0.666667
74 266 -0.000694444
74 267 -1
74 268 -0.666667
75 18 0.166146
75 46 0.11059
75 75 3.67604
75 76 0.11059
75 77 0.332812
75 136 -0.00104167
75 193 -0.666667
75 194 -0.666667
75 195 -0.00104167
75 197 -0.00104167
75 269 -0.00104167
75 270 -1.33333
75 271 -0.444444
75 278 -0.444444
75 279 -0.00104167
75 280 -1.33333
76 19 0.332813
76 48 0.11059
76 75 0.11059
76 76 3.67604
76 77 0.166146
76 140 -0.00104167
76 193 -0.00104167
76 195 -1.33333
76 196 -1.33333
76 198 -0.00104167
76 272 -0.00104167
76 273 -0.666667
76 274 -0.444444
76 278 -0.444444
76 279 -0.666667
76 280 -0.00104167
77 18 0.11059
77 19 0.11059
77 47 0.166146
77 49 0.332812
77 75 0.332812
77 76 0.166146
77 77 3.67604
77 137 -0.00104167
77 141 -0.00104167
77 194 -0.00104167
77 196 -0.00104167
77 197 -0.444444
77 198 -0.444444
77 275 -0.00104167
77 276 -0.666667
77 277 -1.33333
77 278 -0.00104167
77 279 -0.666667
77 280 -1.33333
78 19 0.332639
78 48 -0.000694444
78 78 4.0125
78 79 -0.000694444
78 80 0.332639
78 140 -0.00138889
78 199 -1.33333
78 200 -1.33333
78 201 -0.00138889
78 203 -0.00138889
78 281 -0.00138889
78 282 -1.33333
78 283 3.33067e-16
78 290 3.95517e-16
78 291 -0.00138889
78 292 -1.33333
79 20 0.332639
79 50 -0.000694444
79 78 -0.000694444
79 79 4.0125
79 80 0.332639
79 144 -0.00138889
79 199 -0.00138889
79 201 -1.33333
79 202 -1.33333
79 204 -0.00138889
79 284 -0.00138889
79 285 -1.33333
79 286 3.33067e-16
79 290 -9.71445e-17
79 291 -1.33333
79 292 -0.00138889
80 19 -0.000694444
80 20 -0.000694444
80 49 0.332639
80 51 0.332639
80 78 0.332639
80 79 0.332639
80 80 4.0125
80 141 -0.00138889
80 145 -0.00138889
80 200 -0.00138889
80 202 -0.00138889
80 203 2.63678e-16
80 204 2.63678e-16
80 287 -0.00138889
80 288 -1.33333
80 289 -1.33333
80 290 -0.00138889
80 291 -1.33333
80 292 -1.33333
81 16 0.0282414
81 28 0.051122
81 42 -0.14805
81 43 0.0362605
81 81 4.75018
81 82 0.042835
81 84 -0.10687
81 95 -0.278393
81 96 -0.314333
81 128 0.553196
81 129 -0.156642
81 205 -1.47414
81 206 -1.45589
81 208 -0.164743
81 212 0.443626
81 293 -0.0563662
81 294 -0.019124
81 295 0.520359
81 298 -0.0833198
81 299 -0.10817
81 300 0.665808
81 350 0.593684
81 351 -1.85358
81 355 0.663631
81 356 -2.12325
82 10 -0.36093
82 28 -0.321727
82 30 -0.167684
82 31 0.0506049
82 81 0.042835
82 82 5.28505
82 83 -0.121532
82 96 0.043931
82 97 0.0677001
82 104 0.756251
82 105 -0.101238
82 206 -0.0697246
82 207 -0.0757327
82 208 0.0308046
82 210 0.592209
82 297 0.623164
82 298 -1.69007
82 299 -0.187892
82 301 -0.197807
82 302 -1.66719
82 303 0.501524
82 354 -2.40771
82 355 0.701843
82 358 0.784508
82 359 -2.10512
83 14 0.0893341
83 28 0.0711861
83 38 -0.093242
83 39 0.0306631
83 82 -0.121532
83 83 4.38491
83 84 0.0246296
83 97 -0.331998
83 98 -0.301833
83 120 0.374144
83 121 -0.129968
83 208 0.4462
83 209 -1.53655
83 210 -1.52979
83 212 -0.119831
83 302 0.572974
83 303 0.0959865
83 304 -0.0281669
83 305 0.468291
83 306 0.153952
83 307 -0.00612997
83 359 -1.7854
83 360 0.471374
83 362 -1.59851
83 363 0.407118
84 28 -0.289189
84 81 -0.10687
84 83 0.0246296
84 84 3.96938
84 95 0.051967
84 98 0.0697923
84 206 0.502557
84 210 -0.0162444
84 211 0.0874893
84 212 0.0411491
84 294 0.395287
84 295 -1.33451
84 296 -0.0938066
84 306 -0.102296
84 307 -1.34293
84 308 0.329907
84 351 -1.56744
84 352 0.323062
84 363 0.377433
84 364 -1.4004
85 20 0.0173719
85 29 0.0331281
85 50 -0.0639746
85 51 0.00106935
85 85 3.02131
85 86 0.00372526
85 88 -0.0493955
85 99 -0.178096
85 100 -0.199149
85 144 0.242327
85 145 -0.00884477
85 213 -0.920821
85 214 -0.940129
85 216 -0.0137997
85 220 0.203579
85 309 0.0514057
85 310 -0.0325346
85 311 0.255528
85 314 0.0421973
85 315 -0.0416624
85 316 0.308572
85 366 0.0217146
85 367 -0.849278
85 371 0.0500149
85 372 -0.94471
86 29 -0.214076
86 85 0.00372526
86 86 3.24783
86 87 -0.0558924
86 100 0.0419436
86 101 0.0574978
86 214 0.0507891
86 215 0.0460052
86 216 0.0621522
86 218 0.291399
86 313 0.265394
86 314 -1.08434
86 315 -0.0264369
86 317 -0.0330465
86 318 -1.10475
86 319 0.224609
86 370 -1.06249
86 371 0.0661965
86 374 0.102583
86 375 -0.958215
87 12 0.0625398
87 29 0.0481279
87 34 -0.00291422
87 35 -0.0439693
87 86 -0.0558924
87 87 3.03673
87 88 -0.00580226
87 101 -0.229739
87 102 -0.209563
87 112 0.00432449
87 113 0.17328
87 216 0.203202
87 217 -1.07337
87 218 -1.04689
87 220 0.0106411
87 318 0.286654
87 319 0.086681
87 320 0.0777475
87 321 0.241228
87 322 0.0910904
87 323 0.0868326
87 375 -0.831546
87 376 -0.0567648
87 378 -0.753791
87 379 -0.0875477
88 11 -0.174386
88 29 -0.193526
88 32 -0.038404
88 33 -0.00804851
88 85 -0.0493955
88 87 -0.00580226
88 88 2.84512
88 99 0.0225934
88 102 0.0372495
88 108 0.20938
88 109 0.0860893
88 214 0.250171
88 218 0.0789792
88 219 -0.00853082
88 220 -0.00739489
88 310 0.185263
88 311 -0.889064
88 312 0.0267853
88 322 0.0219163
88 323 -0.914224
88 324 0.156532
88 367 -0.732519
88 368 -0.125177
88 379 -0.101235
88 380 -0.66109
89 12 -0.139931
89 13 -0.139931
89 35 0.498958
89 36 0.498958
89 89 5.18542
89 90 0.498958
89 91 0.498958
89 113 -0.00208333
89 116 -0.00208333
89 221 0.555556
89 222 0.555556
89 223 -0.00208333
89 225 -0.00208333
89 325 -0.00208333
89 326 -2
89 327 -2
89 334 -2
89 335 -0.00208333
89 336 -2
90 12 0.498958
90 34 -0.139931
90 89 0.498958
90 90 5.18542
90 91 -0.139931
90 112 -0.00208333
90 221 -0.00208333
90 223 -2
90 224 -2
90 226 -0.00208333
90 328 -0.00208333
90 329 0.555556
90 330 -2
90 334 -2
90 335 0.555556
90 336 -0.00208333
91 13 0.498958
91 37 -0.139931
91 89 0.498958
91 90 -0.139931
91 91 5.18542
91 117 -0.00208333
91 222 -0.00208333
91 224 -0.00208333
91 225 -2
91 226 -2
91 331 -0.00208333
91 332 0.555556
91 333 -2
91 334 -0.00208333
91 335 0.555556
91 336 -2
92 10 0.249653
92 11 0.249653
92 31 0.166319
92 32 0.166319
92 92 3.50625
92 93 0.166319
92 94 0.166319
92 105 -0.000694444
92 108 -0.000694444
92 227 -1
92 228 -1
92 229 -0.000694444
92 231 -0.000694444
92 337 -0.000694444
92 338 -0.666667
92 339 -0.666667
92 346 -0.666667
92 347 -0.000694444
92 348 -0.666667
93 10 0.166319
93 15 0.166319
93 30 0.249653
93 41 0.166319
93 92 0.166319
93 93 3.50625
93 94 0.249653
93 104 -0.000694444
93 125 -0.000694444
93 227 -0.000694444
93 229 -0.666667
93 230 -0.666667
93 232 -0.000694444
93 340 -0.000694444
93 341 -1
93 342 -0.666667
93 346 -0.666667
93 347 -1
93 348 -0.000694444
94 11 0.166319
94 15 0.166319
94 33 0.249653
94 40 0.166319
94 92 0.166319
94 93 0.249653
94 94 3.50625
94 109 -0.000694444
94 124 -0.000694444
94 228 -0.000694444
94 230 -0.000694444
94 231 -0.666667
94 232 -0.666667
94 343 -0.000694444
94 344 -1
94 345 -0.666667
94 346 -0.000694444
94 347 -1
94 348 -0.666667
95 16 -0.117265
95 28 0.0298851
95 43 0.0323142
95 81 -0.278393
95 84 0.051967
95 95 4.09618
95 129 0.4385
95 130 -0.109701
95 205 0.538092
95 206 -0.040865
95 211 0.359059
95 212 -0.11722
95 293 -1.29625
95 294 -0.0494427
95 295 -1.29499
95 296 0.00794923
95 349 0.405222
95 350 -1.70276
95 351 0.460842
95 352 -1.50506
96 1 -0.192114
96 10 0.0596901
96 16 0.0513101
96 28 -0.132651
96 30 -0.359432
96 42 0.0154366
96 81 -0.314333
96 82 0.043931
96 96 5.67663
96 103 0.843975
96 104 -0.139602
96 127 0.71641
96 128 -0.216047
96 205 -0.102978
96 206 0.638302
96 207 -0.2241
96 208 0.556857
96 297 -0.220563
96 298 -1.65463
96 299 -0.0822841
96 300 -1.70237
96 353 -2.70335
96 354 0.926986
96 355 -2.31778
96 356 0.837914
97 0 0.0434693
97 10 -0.150834
97 14 -0.113236
97 28 0.0361547
97 31 -0.367291
97 39 0.0884394
97 82 0.0677001
97 83 -0.331998
97 97 5.03156
97 105 0.69616
97 106 -0.0699312
97 121 0.45962
97 122 -0.177295
97 207 0.556731
97 208 -0.166302
97 209 0.559347
97 210 -0.0419212
97 301 0.0408209
97 302 -1.70471
97 303 0.126305
97 304 -1.69781
97 357 0.672278
97 358 -2.19636
97 359 0.594409
97 360 -1.94836
98 14 0.0201548
98 28 -0.0991329
98 38 0.0863171
98 83 -0.301833
98 84 0.0697923
98 98 3.89944
98 119 0.306736
98 120 -0.0897669
98 209 0.00560069
98 210 0.477176
98 211 -0.0806059
98 212 0.362079
98 305 -1.3987
98 306 0.120895
98 307 -1.38338
98 308 0.159259
98 361 -1.32012
98 362 0.306311
98 363 -1.46511
98 364 0.252938
99 2 -0.0046246
99 11 -0.0411201
99 20 -0.0532323
99 29 -0.00253837
99 33 -0.158647
99 51 0.00730722
99 85 -0.178096
99 88 0.0225934
99 99 2.83496
99 109 0.216516
99 110 0.0684041
99 145 0.204204
99 146 0.0171201
99 213 0.260359
99 214 0.0614064
99 219 0.171574
99 220 0.0129922
99 309 -0.825528
99 310 -0.0707909
99 311 -0.847323
99 312 -0.0702627
99 365 -0.0708353
99 366 -0.787169
99 367 -0.0486015
99 368 -0.708258
100 20 0.00762973
100 29 -0.0594368
100 50 0.0254347
100 85 -0.199149
100 86 0.0419436
100 100 3.27635
100 143 0.29112
100 144 -0.0378522
100 213 0.0316058
100 214 0.302356
100 215 -0.0436765
100 216 0.243639
100 313 -0.0250573
100 314 -1.04323
100 315 -0.00459715
100 316 -1.02791
100 369 -1.13986
100 370 0.163949
100 371 -1.02163
100 372 0.128367
101 12 -0.0531103
101 29 0.000243273
101 34 0.0723274
101 86 0.0574978
101 87 -0.229739
101 101 3.25018
101 111 -0.0237105
101 112 0.209015
101 215 0.244752
101 216 -0.0164933
101 217 0.283918
101 218 0.0686427
101 317 0.111509
101 318 -1.14639
101 319 0.124443
101 320 -1.17066
101 373 0.0477603
101 374 -1.00235
101 375 0.010704
101 376 -0.908589
102 0 -0.0362361
102 11 -0.0111797
102 12 -0.00879629
102 29 -0.0463658
102 32 -0.190647
102 35 0.0514063
102 87 -0.209563
102 88 0.0372495
102 102 2.87617
102 107 0.204724
102 108 0.102845
102 113 0.0299705
102 114 0.143913
102 217 0.0956112
102 218 0.243201
102 219 0.0354475
102 220 0.169606
102 321 -0.984155
102 322 0.0524019
102 323 -0.956328
102 324 0.0500568
102 377 -0.623543
102 378 -0.149513
102 379 -0.689202
102 380 -0.17492
103 1 -1.33634
103 30 -1.33849
103 41 -0.000694444
103 42 -0.189528
103 96 0.843975
103 103 7.4432
103 126 -0.663889
103 127 1.25593
103 297 -3.14558
103 300 -0.265962
103 340 -0.997222
103 353 -1.59108
104 10 -1.30191
104 30 -1.29219
104 82 0.756251
104 93 -0.000694444
104 96 -0.139602
104 104 6.8415
104 207 -2.75831
104 229 -0.997222
104 297 1.03654
104 298 -0.288564
104 341 -0.663889
104 354 -1.17671
105 10 -1.2765
105 31 -1.29024
105 82 -0.101238
105 92 -0.000694444
105 97 0.69616
105 105 6.44368
105 207 0.876682
105 227 -0.663889
105 301 -2.48864
105 302 -0.311112
105 338 -0.997222
105 358 -0.870921
106 0 -1.29353
106 31 -1.27742
106 32 -0.000694444
106 39 0.653502
106 97 -0.0699312
106 106 6.17103
106 107 -0.997222
106 122 -2.29222
106 301 0.752907
106 304 -0.333615
106 337 -0.663889
106 357 -0.631993
107 0 -0.809302
107 31 -0.000694444
107 32 -0.787875
107 35 0.118854
107 102 0.204724
107 106 -0.997222
107 107 4.2911
107 114 -0.25142
107 321 -0.179681
107 324 -0.556659
107 337 -0.663889
107 377 -0.344063
108 11 -0.752271
108 32 -0.773615
108 88 0.20938
108 92 -0.000694444
108 102 0.102845
108 108 4.29096
108 219 -0.592548
108 228 -0.663889
108 323 -0.157317
108 324 -0.205717
108 339 -0.997222
108 380 -0.43691
109 11 -0.739205
109 33 -0.717959
109 88 0.0860893
109 94 -0.000694444
109 99 0.216516
109 109 4.30439
109 219 -0.156482
109 231 -0.997222
109 311 -0.134955
109 312 -0.637379
109 344 -0.663889
109 368 -0.537071
110 2 -0.685247
110 33 -0.706377
110 40 -0.000694444
110 51 0.226768
110 99 0.0684041
110 110 4.33472
110 123 -0.663889
110 146 -0.693391
110 309 -0.112595
110 312 -0.102857
110 343 -0.997222
110 365 -0.646353
111 34 -0.913287
111 101 -0.0237105
111 111 6.54536
111 317 0.242551
111 320 0.0269348
111 328 0.563889
111 373 -2.70088
112 12 -0.92766
112 34 -0.907907
112 87 0.00432449
112 90 -0.00208333
112 101 0.209015
112 112 6.32445
112 217 -0.0764494
112 223 0.563889
112 319 0.220254
112 320 -0.883614
112 329 -1.99167
112 376 -2.48958
113 12 -0.92613
113 35 -0.946144
113 87 0.17328
113 89 -0.00208333
113 102 0.0299705
113 113 6.14735
113 217 -0.732266
113 221 -1.99167
113 321 -0.168494
113 322 0.197942
113 326 0.563889
113 378 -2.30181
114 0 -0.967946
114 32 0.0536998
114 35 -0.94771
114 36 -0.00208333
114 102 0.143913
114 107 -0.25142
114 114 6.00539
114 115 0.563889
114 321 -0.604071
114 324 0.175617
114 325 -1.99167
114 377 -2.13291
115 0 -1.44444
115 35 -0.00208333
115 36 -1.44444
115 39 -0.00208333
115 114 0.563889
115 115 5.81111
115 122 -0.547222
115 233 -0.880556
115 325 -1.99167
116 13 -1.44444
116 36 -1.44444
116 66 -0.00208333
116 89 -0.00208333
116 116 5.81111
116 175 -0.880556
116 222 -1.99167
116 234 -0.547222
116 327 0.563889
117 13 -1.44444
117 37 -1.44444
117 67 -0.00208333
117 91 -0.00208333
117 117 5.81111
117 177 -0.547222
117 225 0.563889
117 237 -0.880556
117 332 -1.99167
118 37 -1.44444
118 118 5.81111
118 236 -0.547222
118 331 0.563889
119 38 -0.32945
119 98 0.306736
119 119 5.71074
119 239 -0.547222
119 305 -1.28106
119 308 0.264825
119 361 -2.94204
120 14 -0.327326
120 38 -0.345987
120 68 -0.00208333
120 83 0.374144
120 98 -0.0897669
120 120 6.05922
120 179 -0.547222
120 209 -1.54615
120 240 -0.880556
120 305 0.280916
120 306 0.287065
120 362 -3.22188
121 14 -0.352174
121 39 -0.334007
121 66 -0.00208333
121 83 -0.129968
121 97 0.45962
121 121 6.50327
121 176 -0.880556
121 209 0.441654
121 235 -0.547222
121 303 0.309252
121 304 -1.87519
121 360 -3.5531
122 0 -0.352555
122 31 0.570234
122 36 -0.00208333
122 39 -0.370168
122 97 -0.177295
122 106 -2.29222
122 115 -0.547222
122 122 7.07805
122 233 -0.880556
122 301 0.331355
122 304 0.635724
122 357 -3.95463
123 2 -1
123 33 -0.000694444
123 40 -1
123 47 -0.000694444
123 110 -0.663889
123 123 4.67778
123 138 -0.663889
123 260 -0.663889
123 343 -0.663889
124 15 -1
124 40 -1
124 73 -0.000694444
124 94 -0.000694444
124 124 4.67778
124 190 -0.663889
124 232 -0.663889
124 262 -0.663889
124 345 -0.663889
125 15 -1
125 41 -1
125 74 -0.000694444
125 93 -0.000694444
125 125 4.67778
125 192 -0.663889
125 230 -0.663889
125 265 -0.663889
125 342 -0.663889
126 1 -1
126 30 -0.000694444
126 41 -1
126 45 -0.000694444
126 103 -0.663889
126 126 4.67778
126 134 -0.663889
126 263 -0.663889
126 340 -0.663889
127 1 -0.558209
127 30 -0.295832
127 42 -0.549422
127 45 -0.00104167
127 96 0.71641
127 103 1.25593
127 127 8.08264
127 134 -0.440278
127 251 -1.32917
127 297 0.263884
127 300 -2.93203
127 353 -4.19336
128 16 -0.462039
128 42 -0.458968
128 71 -0.00104167
128 81 0.553196
128 96 -0.216047
128 128 7.02264
128 185 -1.32917
128 205 -2.26874
128 252 -0.440278
128 299 0.242388
128 300 0.89505
128 356 -3.51659
129 16 -0.405926
129 43 -0.415246
129 69 -0.00104167
129 81 -0.156642
129 95 0.4385
129 129 6.30149
129 182 -0.440278
129 205 0.636296
129 247 -1.32917
129 293 -1.80214
129 294 0.22049
129 350 -3.02506
130 43 -0.379829
130 95 -0.109701
130 130 5.78845
130 245 -0.440278
130 293 0.439482
130 296 0.198403
130 349 -2.64773
131 44 -1
131 46 -0.000694444
131 131 4.79167
131 135 -0.997222
131 248 -0.440278
131 257 -0.663889
132 17 -1
132 44 -1
132 70 -0.00104167
132 72 -0.000694444
132 132 4.79167
132 184 -0.440278
132 188 -0.663889
132 250 -0.6625
132 259 -0.997222
133 17 -1
133 45 -1
133 71 -0.00104167
133 74 -0.000694444
133 133 4.79167
133 186 -0.6625
133 191 -0.997222
133 253 -0.440278
133 264 -0.663889
134 1 -1
134 41 -0.000694444
134 42 -0.00104167
134 45 -1
134 126 -0.663889
134 127 -0.440278
134 134 4.79167
134 251 -0.6625
134 263 -0.997222
135 44 -0.000694444
135 46 -1
135 131 -0.997222
135 135 4.79167
135 257 -0.663889
135 269 -0.440278
136 18 -1
136 46 -1
136 72 -0.000694444
136 75 -0.00104167
136 136 4.79167
136 187 -0.663889
136 194 -0.440278
136 258 -0.997222
136 271 -0.6625
137 18 -1
137 47 -1
137 73 -0.000694444
137 77 -0.00104167
137 137 4.79167
137 189 -0.997222
137 197 -0.6625
137 261 -0.663889
137 276 -0.440278
138 2 -1
138 40 -0.000694444
138 47 -1
138 49 -0.00104167
138 123 -0.663889
138 138 4.79167
138 142 -0.440278
138 260 -0.997222
138 275 -0.6625
139 48 -1
139 139 5.13056
139 272 -0.440278
139 281 0.00555556
140 19 -1
140 48 -1
140 76 -0.00104167
140 78 -0.00138889
140 140 5.13056
140 196 -0.440278
140 200 0.00555556
140 274 -1.32917
140 283 -1.32778
141 19 -1
141 49 -1
141 77 -0.00104167
141 80 -0.00138889
141 141 5.13056
141 198 -1.32917
141 203 -1.32778
141 277 -0.440278
141 288 0.00555556
142 2 -1
142 47 -0.00104167
142 49 -1
142 51 -0.00138889
142 138 -0.440278
142 142 5.13056
142 146 0.00555556
142 275 -1.32917
142 287 -1.32778
143 50 -0.719462
143 100 0.29112
143 143 5.63743
143 284 0.00555556
143 313 0.176214
143 316 -1.19569
143 369 -2.34576
144 20 -0.723556
144 50 -0.706713
144 79 -0.00138889
144 85 0.242327
144 100 -0.0378522
144 144 5.35643
144 202 0.00555556
144 213 -0.990272
144 286 -1.32778
144 315 0.153966
144 316 0.1545
144 372 -2.09614
145 20 -0.717414
145 51 -0.735341
145 80 -0.00138889
145 85 -0.00884477
145 99 0.204204
145 145 5.14403
145 204 -1.32778
145 213 0.0459044
145 289 0.00555556
145 309 -0.8263
145 310 0.131683
145 366 -1.88437
146 2 -0.752809
146 33 0.174128
146 49 -0.00138889
146 51 -0.734095
146 99 0.0171201
146 110 -0.693391
146 142 0.00555556
146 146 4.98279
146 287 -1.32778
146 309 -0.0478584
146 312 0.109377
146 365 -1.70083
147 147 1
148 148 1
149 149 1
150 150 1
151 151 1
152 152 1
153 153 1
154 154 1
155 155 1
156 156 1
157 157 1
158 158 1
159 159 1
160 160 1
161 161 1
162 162 1
163 163 1
164 164 1
165 165 1
166 166 1
167 167 1
168 168 1
169 169 1
170 170 1
171 171 1
172 172 1
173 173 1
174 174 1
175 13 -0.555556
175 36 -0.00208333
175 66 -0.555556
175 67 -0.00208333
175 116 -0.880556
175 175 4.7
175 177 -0.880556
175 234 -0.880556
175 242 -0.880556
176 14 -0.555556
176 39 -0.00208333
176 66 -0.555556
176 68 -0.00208333
176 121 -0.880556
176 176 4.7
176 179 -0.880556
176 235 -0.880556
176 244 -0.880556
177 13 -0.888889
177 37 -0.00208333
177 66 -0.00208333
177 67 -0.888889
177 117 -0.547222
177 175 -0.880556
177 177 4.7
177 237 -0.880556
177 242 -0.547222
178 67 -0.888889
178 68 -0.00208333
178 178 4.7
178 180 -0.547222
178 238 -0.547222
178 243 -0.880556
179 14 -0.888889
179 38 -0.00208333
179 66 -0.00208333
179 68 -0.888889
179 120 -0.547222
179 176 -0.880556
179 179 4.7
179 240 -0.880556
179 244 -0.547222
180 67 -0.00208333
180 68 -0.888889
180 178 -0.547222
180 180 4.7
180 241 -0.547222
180 243 -0.880556
181 69 -1.33333
181 70 -0.00104167
181 181 4.90556
181 183 -0.440278
181 246 -0.440278
181 254 -0.6625
182 16 -1.33333
182 43 -0.00104167
182 69 -1.33333
182 71 -0.00104167
182 129 -0.440278
182 182 4.90556
182 185 -0.6625
182 247 -0.6625
182 256 -0.440278
183 69 -0.00104167
183 70 -0.666667
183 181 -0.440278
183 183 4.90556
183 249 -0.440278
183 254 -1.32917
184 17 -0.666667
184 44 -0.00104167
184 70 -0.666667
184 71 -0.00104167
184 132 -0.440278
184 184 4.90556
184 186 -1.32917
184 250 -1.32917
184 255 -0.440278
185 16 -0.444444
185 42 -0.00104167
185 69 -0.00104167
185 71 -0.444444
185 128 -1.32917
185 182 -0.6625
185 185 4.90556
185 252 -0.6625
185 256 -1.32917
186 17 -0.444444
186 45 -0.00104167
186 70 -0.00104167
186 71 -0.444444
186 133 -0.6625
186 184 -1.32917
186 186 4.90556
186 253 -1.32917
186 255 -0.6625
187 18 -1
187 46 -0.000694444
187 72 -1
187 73 -0.000694444
187 136 -0.663889
187 187 4.67778
187 189 -0.663889
187 258 -0.663889
187 266 -0.663889
188 17 -1
188 44 -0.000694444
188 72 -1
188 74 -0.000694444
188 132 -0.663889
188 188 4.67778
188 191 -0.663889
188 259 -0.663889
188 268 -0.663889
189 18 -0.666667
189 47 -0.000694444
189 72 -0.000694444
189 73 -0.666667
189 137 -0.997222
189 187 -0.663889
189 189 4.67778
189 261 -0.663889
189 266 -0.997222
190 15 -0.666667
190 40 -0.000694444
190 73 -0.666667
190 74 -0.000694444
190 124 -0.663889
190 190 4.67778
190 192 -0.997222
190 262 -0.997222
190 267 -0.663889
191 17 -0.666667
191 45 -0.000694444
191 72 -0.000694444
191 74 -0.666667
191 133 -0.997222
191 188 -0.663889
191 191 4.67778
191 264 -0.663889
191 268 -0.997222
192 15 -0.666667
192 41 -0.000694444
192 73 -0.000694444
192 74 -0.666667
192 125 -0.663889
192 190 -0.997222
192 192 4.67778
192 265 -0.997222
192 267 -0.663889
193 75 -0.666667
193 76 -0.00104167
193 193 4.90556
193 195 -0.440278
193 270 -0.440278
193 278 -1.32917
194 18 -0.666667
194 46 -0.00104167
194 75 -0.666667
194 77 -0.00104167
194 136 -0.440278
194 194 4.90556
194 197 -1.32917
194 271 -1.32917
194 280 -0.440278
195 75 -0.00104167
195 76 -1.33333
195 193 -0.440278
195 195 4.90556
195 273 -0.440278
195 278 -0.6625
196 19 -1.33333
196 48 -0.00104167
196 76 -1.33333
196 77 -0.00104167
196 140 -0.440278
196 196 4.90556
196 198 -0.6625
196 274 -0.6625
196 279 -0.440278
197 18 -0.444444
197 47 -0.00104167
197 75 -0.00104167
197 77 -0.444444
197 137 -0.6625
197 194 -1.32917
197 197 4.90556
197 276 -1.32917
197 280 -0.6625
198 19 -0.444444
198 49 -0.00104167
198 76 -0.00104167
198 77 -0.444444
198 141 -1.32917
198 196 -0.6625
198 198 4.90556
198 277 -0.6625
198 279 -1.32917
199 78 -1.33333
199 79 -0.00138889
199 199 5.35556
199 201 0.00555556
199 282 0.00555556
199 290 -1.32778
200 19 -1.33333
200 48 -0.00138889
200 78 -1.33333
200 80 -0.00138889
200 140 0.00555556
200 200 5.35556
200 203 -1.32778
200 283 -1.32778
200 292 0.00555556
201 78 -0.00138889
201 79 -1.33333
201 199 0.00555556
201 201 5.35556
201 285 0.00555556
201 290 -1.32778
202 20 -1.33333
202 50 -0.00138889
202 79 -1.33333
202 80 -0.00138889
202 144 0.00555556
202 202 5.35556
202 204 -1.32778
202 286 -1.32778
202 291 0.00555556
203 19 -3.33067e-16
203 49 -0.00138889
203 78 -0.00138889
203 80 2.63678e-16
203 141 -1.32778
203 200 -1.32778
203 203 5.35556
203 288 -1.32778
203 292 -1.32778
204 20 -3.33067e-16
204 51 -0.00138889
204 79 -0.00138889
204 80 2.63678e-16
204 145 -1.32778
204 202 -1.32778
204 204 5.35556
204 289 -1.32778
204 291 -1.32778
205 16 -1.43814
205 42 0.704702
205 43 -0.0694987
205 81 -1.47414
205 95 0.538092
205 96 -0.102978
205 128 -2.26874
205 129 0.636296
205 205 7.01795
205 293 -0.222476
205 294 -1.92919
205 299 0.744415
205 300 -0.244285
205 350 -0.839232
205 356 -1.0415
206 28 -1.49385
206 81 -1.45589
206 82 -0.0697246
206 84 0.502557
206 95 -0.040865
206 96 0.638302
206 206 6.50597
206 208 0.621923
206 212 -1.76393
206 294 0.526544
206 295 -0.244922
206 298 -0.266792
206 299 -2.03421
206 351 -0.627201
206 355 -0.784895
207 10 -0.0522586
207 30 0.713996
207 31 -0.223239
207 82 -0.0757327
207 96 -0.2241
207 97 0.556731
207 104 -2.75831
207 105 0.876682
207 207 9.97822
207 297 0.286595
207 298 0.870966
207 301 0.309041
207 302 -2.31077
207 354 -4.00545
207 358 -3.93108
208 28 0.00231819
208 81 -0.164743
208 82 0.0308046
208 83 0.4462
208 96 0.556857
208 97 -0.166302
208 206 0.621923
208 208 8.49896
208 210 -1.86411
208 298 -2.18667
208 299 0.264767
208 302 0.631019
208 303 0.28704
208 355 -3.48432
208 359 -3.46073
209 14 -1.57683
209 38 0.458951
209 39 -0.0177743
209 83 -1.53655
209 97 0.559347
209 98 0.00560069
209 120 -1.54615
209 121 0.441654
209 209 5.92169
209 303 -1.73687
209 304 -0.311719
209 305 -0.289772
209 306 0.361555
209 360 -0.411207
209 362 -0.305435
210 28 -1.49047
210 82 0.592209
210 83 -1.52979
210 84 -0.0162444
210 97 -0.0419212
210 98 0.477176
210 208 -1.86411
210 210 6.15798
210 212 0.43707
210 302 -0.289268
210 303 0.523605
210 306 -1.64044
210 307 -0.267354
210 359 -0.580544
210 363 -0.453138
211 84 0.0874893
211 95 0.359059
211 98 -0.0806059
211 211 6.59405
211 295 -1.44028
211 296 0.220562
211 307 0.278733
211 308 0.2427
211 352 -2.75481
211 364 -2.77991
212 28 0.0730535
212 81 0.443626
212 83 -0.119831
212 84 0.0411491
212 95 -0.11722
212 98 0.362079
212 206 -1.76393
212 210 0.43707
212 212 7.4126
212 294 0.242722
212 295 0.427503
212 306 0.264908
212 307 -1.52188
212 351 -3.08027
212 363 -3.08682
213 20 -0.879874
213 50 0.317867
213 51 0.0426309
213 85 -0.920821
213 99 0.260359
213 100 0.0316058
213 144 -0.990272
213 145 0.0459044
213 213 4.33979
213 309 -0.134625
213 310 -0.874795
213 315 0.087234
213 316 -0.156638
213 366 -0.564271
213 372 -0.585869
214 29 -0.981626
214 85 -0.940129
214 86 0.0507891
214 88 0.250171
214 99 0.0614064
214 100 0.302356
214 214 4.24217
214 216 0.026951
214 220 -0.815656
214 310 -0.0135546
214 311 -0.156991
214 314 -0.179013
214 315 -0.91726
214 367 -0.447185
214 371 -0.462467
215 86 0.0460052
215 100 -0.0436765
215 101 0.244752
215 215 5.96629
215 313 0.198334
215 314 0.138882
215 317 0.220445
215 318 -1.03652
215 370 -2.48467
215 374 -2.52142
216 29 0.0246892
216 85 -0.0137997
216 86 0.0621522
216 87 0.203202
216 100 0.243639
216 101 -0.0164933
216 214 0.026951
216 216 5.47931
216 218 -0.860136
216 314 -0.98192
216 315 0.176065
216 318 0.0321837
216 319 0.19816
216 371 -2.25495
216 375 -2.29908
217 12 -1.11563
217 34 0.0854698
217 35 0.238769
217 87 -1.07337
217 101 0.283918
217 102 0.0956112
217 112 -0.0764494
217 113 -0.732266
217 217 4.17018
217 319 -0.815228
217 320 -0.223762
217 321 -0.201726
217 322 -0.116091
217 376 -0.251569
217 378 -0.244414
218 29 -1.00497
218 86 0.291399
218 87 -1.04689
218 88 0.0789792
218 101 0.0686427
218 102 0.243201
218 216 -0.860136
218 218 4.18893
218 220 -0.0671212
218 318 -0.201388
218 319 -0.0271453
218 322 -0.769042
218 323 -0.179358
218 375 -0.35202
218 379 -0.341382
219 11 -0.047857
219 32 0.142287
219 33 0.0374021
219 88 -0.00853082
219 99 0.171574
219 102 0.0354475
219 108 -0.592548
219 109 -0.156482
219 219 4.80202
219 311 -0.67841
219 312 0.131455
219 323 -0.15513
219 324 0.153536
219 368 -1.87988
219 380 -1.93144
220 29 0.0311097
220 85 0.203579
220 87 0.0106411
220 88 -0.00739489
220 99 0.0129922
220 102 0.169606
220 214 -0.815656
220 218 -0.0671212
220 220 5.09915
220 310 0.153769
220 311 -0.0704094
220 322 0.175855
220 323 -0.714333
220 367 -2.05567
220 379 -2.10442
221 12 0.555556
221 35 -0.00208333
221 89 0.555556
221 90 -0.00208333
221 113 -1.99167
221 221 6.92222
221 223 -1.99167
221 326 -1.99167
221 334 -1.99167
222 13 0.555556
222 36 -0.00208333
222 89 0.555556
222 91 -0.00208333
222 116 -1.99167
222 222 6.92222
222 225 -1.99167
222 327 -1.99167
222 336 -1.99167
223 12 -2
223 34 -0.00208333
223 89 -0.00208333
223 90 -2
223 112 0.563889
223 221 -1.99167
223 223 6.92222
223 329 -1.99167
223 334 0.563889
224 90 -2
224 91 -0.00208333
224 224 6.92222
224 226 0.563889
224 330 0.563889
224 335 -1.99167
225 13 -2
225 37 -0.00208333
225 89 -0.00208333
225 91 -2
225 117 0.563889
225 222 -1.99167
225 225 6.92222
225 332 -1.99167
225 336 0.563889
226 90 -0.00208333
226 91 -2
226 224 0.563889
226 226 6.92222
226 333 0.563889
226 335 -1.99167
227 10 -1
227 31 -0.000694444
227 92 -1
227 93 -0.000694444
227 105 -0.663889
227 227 4.67778
227 229 -0.663889
227 338 -0.663889
227 346 -0.663889
228 11 -1
228 32 -0.000694444
228 92 -1
228 94 -0.000694444
228 108 -0.663889
228 228 4.67778
228 231 -0.663889
228 339 -0.663889
228 348 -0.663889
229 10 -0.666667
229 30 -0.000694444
229 92 -0.000694444
229 93 -0.666667
229 104 -0.997222
229 227 -0.663889
229 229 4.67778
229 341 -0.663889
229 346 -0.997222
230 15 -0.666667
230 41 -0.000694444
230 93 -0.666667
230 94 -0.000694444
230 125 -0.663889
230 230 4.67778
230 232 -0.997222
230 342 -0.997222
230 347 -0.663889
231 11 -0.666667
231 33 -0.000694444
231 92 -0.000694444
231 94 -0.666667
231 109 -0.997222
231 228 -0.663889
231 231 4.67778
231 344 -0.663889
231 348 -0.997222
232 15 -0.666667
232 40 -0.000694444
232 93 -0.000694444
232 94 -0.666667
232 124 -0.663889
232 230 -0.997222
232 232 4.67778
232 345 -0.997222
232 347 -0.663889
233 0 -0.00208333
233 36 -0.555556
233 39 -0.555556
233 66 -0.00208333
233 115 -0.880556
233 122 -0.880556
233 233 4.7
233 234 -0.880556
233 235 -0.880556
234 13 -0.00208333
234 36 -0.888889
234 39 -0.00208333
234 66 -0.888889
234 116 -0.547222
234 175 -0.880556
234 233 -0.880556
234 234 4.7
234 235 -0.547222
235 14 -0.00208333
235 36 -0.00208333
235 39 -0.888889
235 66 -0.888889
235 121 -0.547222
235 176 -0.880556
235 233 -0.880556
235 234 -0.547222
235 235 4.7
236 37 -0.888889
236 67 -0.00208333
236 118 -0.547222
236 236 4.7
236 237 -0.880556
236 238 -0.547222
237 13 -0.00208333
237 37 -0.555556
237 67 -0.555556
237 117 -0.880556
237 177 -0.880556
237 236 -0.880556
237 237 4.7
237 238 -0.880556
238 37 -0.00208333
238 67 -0.888889
238 178 -0.547222
238 236 -0.547222
238 237 -0.880556
238 238 4.7
239 38 -0.888889
239 68 -0.00208333
239 119 -0.547222
239 239 4.7
239 240 -0.880556
239 241 -0.547222
240 14 -0.00208333
240 38 -0.555556
240 68 -0.555556
240 120 -0.880556
240 179 -0.880556
240 239 -0.880556
240 240 4.7
240 241 -0.880556
241 38 -0.00208333
241 68 -0.888889
241 180 -0.547222
241 239 -0.547222
241 240 -0.880556
241 241 4.7
242 13 -0.00208333
242 66 -0.888889
242 67 -0.888889
242 68 -0.00208333
242 175 -0.880556
242 177 -0.547222
242 242 4.7
242 243 -0.880556
242 244 -0.547222
243 66 -0.00208333
243 67 -0.555556
243 68 -0.555556
243 178 -0.880556
243 180 -0.880556
243 242 -0.880556
243 243 4.7
243 244 -0.880556
244 14 -0.00208333
244 66 -0.888889
244 67 -0.00208333
244 68 -0.888889
244 176 -0.880556
244 179 -0.547222
244 242 -0.547222
244 243 -0.880556
244 244 4.7
245 43 -1.33333
245 69 -0.00104167
245 130 -0.440278
245 245 4.90556
245 246 -0.440278
245 247 -0.6625
246 43 -0.00104167
246 69 -0.666667
246 181 -0.440278
246 245 -0.440278
246 246 4.90556
246 247 -1.32917
247 16 -0.00104167
247 43 -0.444444
247 69 -0.444444
247 129 -1.32917
247 182 -0.6625
247 245 -0.6625
247 246 -1.32917
247 247 4.90556
248 44 -0.666667
248 70 -0.00104167
248 131 -0.440278
248 248 4.90556
248 249 -0.440278
248 250 -1.32917
249 44 -0.00104167
249 70 -1.33333
249 183 -0.440278
249 248 -0.440278
249 249 4.90556
249 250 -0.6625
250 17 -0.00104167
250 44 -0.444444
250 70 -0.444444
250 132 -0.6625
250 184 -1.32917
250 248 -1.32917
250 249 -0.6625
250 250 4.90556
251 1 -0.00104167
251 42 -0.444444
251 45 -0.444444
251 71 -0.00104167
251 127 -1.32917
251 134 -0.6625
251 251 4.90556
251 252 -0.6625
251 253 -1.32917
252 16 -0.00104167
252 42 -1.33333
252 45 -0.00104167
252 71 -1.33333
252 128 -0.440278
252 185 -0.6625
252 251 -0.6625
252 252 4.90556
252 253 -0.440278
253 17 -0.00104167
253 42 -0.00104167
253 45 -0.666667
253 71 -0.666667
253 133 -0.440278
253 186 -1.32917
253 251 -1.32917
253 252 -0.440278
253 253 4.90556
254 69 -0.444444
254 70 -0.444444
254 71 -0.00104167
254 181 -0.6625
254 183 -1.32917
254 254 4.90556
254 255 -0.6625
254 256 -1.32917
255 17 -0.00104167
255 69 -0.00104167
255 70 -1.33333
255 71 -1.33333
255 184 -0.440278
255 186 -0.6625
255 254 -0.6625
255 255 4.90556
255 256 -0.440278
256 16 -0.00104167
256 69 -0.666667
256 70 -0.00104167
256 71 -0.666667
256 182 -0.440278
256 185 -1.32917
256 254 -1.32917
256 255 -0.440278
256 256 4.90556
257 44 -1
257 46 -1
257 72 -0.000694444
257 131 -0.663889
257 135 -0.663889
257 257 4.67778
257 258 -0.663889
257 259 -0.663889
258 18 -0.000694444
258 44 -0.000694444
258 46 -0.666667
258 72 -0.666667
258 136 -0.997222
258 187 -0.663889
258 257 -0.663889
258 258 4.67778
258 259 -0.997222
259 17 -0.000694444
259 44 -0.666667
259 46 -0.000694444
259 72 -0.666667
259 132 -0.997222
259 188 -0.663889
259 257 -0.663889
259 258 -0.997222
259 259 4.67778
260 2 -0.000694444
260 40 -0.666667
260 47 -0.666667
260 73 -0.000694444
260 123 -0.663889
260 138 -0.997222
260 260 4.67778
260 261 -0.663889
260 262 -0.997222
261 18 -0.000694444
261 40 -0.000694444
261 47 -1
261 73 -1
261 137 -0.663889
261 189 -0.663889
261 260 -0.663889
261 261 4.67778
261 262 -0.663889
262 15 -0.000694444
262 40 -0.666667
262 47 -0.000694444
262 73 -0.666667
262 124 -0.663889
262 190 -0.997222
262 260 -0.997222
262 261 -0.663889
262 262 4.67778
263 1 -0.000694444
263 41 -0.666667
263 45 -0.666667
263 74 -0.000694444
263 126 -0.663889
263 134 -0.997222
263 263 4.67778
263 264 -0.663889
263 265 -0.997222
264 17 -0.000694444
264 41 -0.000694444
264 45 -1
264 74 -1
264 133 -0.663889
264 191 -0.663889
264 263 -0.663889
264 264 4.67778
264 265 -0.663889
265 15 -0.000694444
265 41 -0.666667
265 45 -0.000694444
265 74 -0.666667
265 125 -0.663889
265 192 -0.997222
265 263 -0.997222
265 264 -0.663889
265 265 4.67778
266 18 -0.000694444
266 72 -0.666667
266 73 -0.666667
266 74 -0.000694444
266 187 -0.663889
266 189 -0.997222
266 266 4.67778
266 267 -0.663889
266 268 -0.997222
267 15 -0.000694444
267 72 -0.000694444
267 73 -1
267 74 -1
267 190 -0.663889
267 192 -0.663889
267 266 -0.663889
267 267 4.67778
267 268 -0.663889
268 17 -0.000694444
268 72 -0.666667
268 73 -0.000694444
268 74 -0.666667
268 188 -0.663889
268 191 -0.997222
268 266 -0.997222
268 267 -0.663889
268 268 4.67778
269 46 -0.666667
269 75 -0.00104167
269 135 -0.440278
269 269 4.90556
269 270 -0.440278
269 271 -1.32917
270 46 -0.00104167
270 75 -1.33333
270 193 -0.440278
270 269 -0.440278
270 270 4.90556
270 271 -0.6625
271 18 -0.00104167
271 46 -0.444444
271 75 -0.444444
271 136 -0.6625
271 194 -1.32917
271 269 -1.32917
271 270 -0.6625
271 271 4.90556
272 48 -1.33333
272 76 -0.00104167
272 139 -0.440278
272 272 4.90556
272 273 -0.440278
272 274 -0.6625
273 48 -0.00104167
273 76 -0.666667
273 195 -0.440278
273 272 -0.440278
273 273 4.90556
273 274 -1.32917
274 19 -0.00104167
274 48 -0.444444
274 76 -0.444444
274 140 -1.32917
274 196 -0.6625
274 272 -0.6625
274 273 -1.32917
274 274 4.90556
275 2 -0.00104167
275 47 -0.444444
275 49 -0.444444
275 77 -0.00104167
275 138 -0.6625
275 142 -1.32917
275 275 4.90556
275 276 -1.32917
275 277 -0.6625
276 18 -0.00104167
276 47 -0.666667
276 49 -0.00104167
276 77 -0.666667
276 137 -0.440278
276 197 -1.32917
276 275 -1.32917
276 276 4.90556
276 277 -0.440278
277 19 -0.00104167
277 47 -0.00104167
277 49 -1.33333
277 77 -1.33333
277 141 -0.440278
277 198 -0.6625
277 275 -0.6625
277 276 -0.440278
277 277 4.90556
278 75 -0.444444
278 76 -0.444444
278 77 -0.00104167
278 193 -1.32917
278 195 -0.6625
278 278 4.90556
278 279 -1.32917
278 280 -0.6625
279 19 -0.00104167
279 75 -0.00104167
279 76 -0.666667
279 77 -0.666667
279 196 -0.440278
279 198 -1.32917
279 278 -1.32917
279 279 4.90556
279 280 -0.440278
280 18 -0.00104167
280 75 -1.33333
280 76 -0.00104167
280 77 -1.33333
280 194 -0.440278
280 197 -0.6625
280 278 -0.6625
280 279 -0.440278
280 280 4.90556
281 48 -1.33333
281 78 -0.00138889
281 139 0.00555556
281 281 5.35556
281 282 0.00555556
281 283 -1.32778
282 48 -0.00138889
282 78 -1.33333
282 199 0.00555556
282 281 0.00555556
282 282 5.35556
282 283 -1.32778
283 19 -0.00138889
283 48 3.33067e-16
283 78 3.33067e-16
283 140 -1.32778
283 200 -1.32778
283 281 -1.32778
283 282 -1.32778
283 283 5.35556
284 50 -1.33333
284 79 -0.00138889
284 143 0.00555556
284 284 5.35556
284 285 0.00555556
284 286 -1.32778
285 50 -0.00138889
285 79 -1.33333
285 201 0.00555556
285 284 0.00555556
285 285 5.35556
285 286 -1.32778
286 20 -0.00138889
286 50 3.33067e-16
286 79 3.33067e-16
286 144 -1.32778
286 202 -1.32778
286 284 -1.32778
286 285 -1.32778
286 286 5.35556
287 2 -0.00138889
287 49 -9.71445e-17
287 51 3.95517e-16
287 80 -0.00138889
287 142 -1.32778
287 146 -1.32778
287 287 5.35556
287 288 -1.32778
287 289 -1.32778
288 19 -0.00138889
288 49 -1.33333
288 51 -0.00138889
288 80 -1.33333
288 141 0.00555556
288 203 -1.32778
288 287 -1.32778
288 288 5.35556
288 289 0.00555556
289 20 -0.00138889
289 49 -0.00138889
289 51 -1.33333
289 80 -1.33333
289 145 0.00555556
289 204 -1.32778
289 287 -1.32778
289 288 0.00555556
289 289 5.35556
290 78 3.95517e-16
290 79 -9.71445e-17
290 80 -0.00138889
290 199 -1.32778
290 201 -1.32778
290 290 5.35556
290 291 -1.32778
290 292 -1.32778
291 20 -0.00138889
291 78 -0.00138889
291 79 -1.33333
291 80 -1.33333
291 202 0.00555556
291 204 -1.32778
291 290 -1.32778
291 291 5.35556
291 292 0.00555556
292 19 -0.00138889
292 78 -1.33333
292 79 -0.00138889
292 80 -1.33333
292 200 0.00555556
292 203 -1.32778
292 290 -1.32778
292 291 0.00555556
292 292 5.35556
293 16 0.563142
293 43 -1.25803
293 81 -0.0563662
293 95 -1.29625
293 129 -1.80214
293 130 0.439482
293 205 -0.222476
293 293 5.95282
293 294 0.521785
293 296 -1.55817
293 349 -0.675917
293 350 -0.804839
294 16 0.495271
294 28 -0.136217
294 43 -0.135549
294 81 -0.019124
294 84 0.395287
294 95 -0.0494427
294 129 0.22049
294 205 -1.92919
294 206 0.526544
294 212 0.242722
294 293 0.521785
294 294 7.61365
294 295 -1.64166
294 350 -3.05436
294 351 -3.03719
295 28 -0.0295258
295 81 0.520359
295 84 -1.33451
295 95 -1.29499
295 206 -0.244922
295 211 -1.44028
295 212 0.427503
295 294 -1.64166
295 295 5.62835
295 296 0.352374
295 351 -0.609028
295 352 -0.506447
296 43 0.396541
296 84 -0.0938066
296 95 0.00794923
296 130 0.198403
296 211 0.220562
296 293 -1.55817
296 295 0.352374
296 296 6.67387
296 349 -2.69213
296 352 -2.70118
297 1 0.834263
297 10 -0.253677
297 30 -0.201508
297 42 -0.259564
297 82 0.623164
297 96 -0.220563
297 103 -3.14558
297 104 1.03654
297 127 0.263884
297 207 0.286595
297 297 10.728
297 298 -2.56558
297 300 1.04268
297 353 -4.1499
297 354 -4.00919
298 10 -0.122112
298 28 0.61137
298 30 0.798986
298 81 -0.0833198
298 82 -1.69007
298 96 -1.65463
298 104 -0.288564
298 206 -0.266792
298 207 0.870966
298 208 -2.18667
298 297 -2.56558
298 298 7.75303
298 299 0.746473
298 354 -1.07627
298 355 -0.835541
299 16 -0.189275
299 28 0.491859
299 42 0.632787
299 81 -0.10817
299 82 -0.187892
299 96 -0.0822841
299 128 0.242388
299 205 0.744415
299 206 -2.03421
299 208 0.264767
299 298 0.746473
299 299 8.9008
299 300 -2.43181
299 355 -3.45854
299 356 -3.52003
300 1 0.908575
300 16 -0.119522
300 30 -0.166673
300 42 -1.67011
300 81 0.665808
300 96 -1.70237
300 103 -0.265962
300 127 -2.93203
300 128 0.89505
300 205 -0.244285
300 297 1.04268
300 299 -2.43181
300 300 8.59039
300 353 -1.44031
300 356 -1.11988
301 0 -0.199956
301 10 0.630874
301 31 0.0672855
301 39 0.507224
301 82 -0.197807
301 97 0.0408209
301 105 -2.48864
301 106 0.752907
301 122 0.331355
301 207 0.309041
301 301 9.51503
301 302 0.740268
301 304 -2.12549
301 357 -3.91834
301 358 -3.95155
302 10 0.725893
302 28 -0.0536134
302 31 -0.0869515
302 82 -1.66719
302 83 0.572974
302 97 -1.70471
302 105 -0.311112
302 207 -2.31077
302 208 0.631019
302 210 -0.289268
302 301 0.740268
302 302 7.18988
302 303 -2.00861
302 358 -0.802226
302 359 -0.612559
303 14 0.41108
303 28 -0.14556
303 39 -0.149018
303 82 0.501524
303 83 0.0959865
303 97 0.126305
303 121 0.309252
303 208 0.28704
303 209 -1.73687
303 210 0.523605
303 302 -2.00861
303 303 8.26664
303 304 0.537165
303 359 -3.5011
303 360 -3.50267
304 0 -0.0577112
304 14 0.545359
304 31 0.67487
304 39 -1.73678
304 83 -0.0281669
304 97 -1.69781
304 106 -0.333615
304 121 -1.87519
304 122 0.635724
304 209 -0.311719
304 301 -2.12549
304 303 0.537165
304 304 6.80292
304 357 -0.584757
304 360 -0.430041
305 14 0.0148414
305 38 -1.43983
305 83 0.468291
305 98 -1.3987
305 119 -1.28106
305 120 0.280916
305 209 -0.289772
305 305 5.26875
305 306 -1.43057
305 308 0.214761
305 361 -0.236707
305 362 -0.306956
306 14 -0.106241
306 28 0.404556
306 38 0.335926
306 83 0.153952
306 84 -0.102296
306 98 0.120895
306 120 0.287065
306 209 0.361555
306 210 -1.64044
306 212 0.264908
306 305 -1.43057
306 306 7.32035
306 307 0.348718
306 362 -3.1625
306 363 -3.1394
307 28 0.490037
307 83 -0.00612997
307 84 -1.34293
307 98 -1.38338
307 210 -0.267354
307 211 0.278733
307 212 -1.52188
307 306 0.348718
307 307 5.41056
307 308 -1.35047
307 363 -0.446344
307 364 -0.362395
308 38 -0.0693465
308 84 0.329907
308 98 0.159259
308 119 0.264825
308 211 0.2427
308 305 0.214761
308 307 -1.35047
308 308 6.5893
308 361 -2.8769
308 364 -2.84015
309 2 0.0599164
309 20 0.267795
309 33 0.220491
309 51 -0.784245
309 85 0.0514057
309 99 -0.825528
309 110 -0.112595
309 145 -0.8263
309 146 -0.0478584
309 213 -0.134625
309 309 4.09884
309 310 -0.014249
309 312 -0.730434
309 365 -0.599763
309 366 -0.60289
310 20 0.223757
310 29 0.0014916
310 51 0.00296414
310 85 -0.0325346
310 88 0.185263
310 99 -0.0707909
310 145 0.131683
310 213 -0.874795
310 214 -0.0135546
310 220 0.153769
310 309 -0.014249
310 310 5.02669
310 311 -0.763795
310 366 -1.94726
310 367 -1.98868
311 11 0.211991
311 29 0.0696629
311 33 0.0780389
311 85 0.255528
311 88 -0.889064
311 99 -0.847323
311 109 -0.134955
311 214 -0.156991
311 219 -0.67841
311 220 -0.0704094
311 310 -0.763795
311 311 4.02863
311 312 -0.10398
311 367 -0.488221
311 368 -0.489006
312 2 0.0279251
312 11 0.156795
312 33 -0.10944
312 51 0.189662
312 88 0.0267853
312 99 -0.0702627
312 109 -0.637379
312 110 -0.102857
312 146 0.109377
312 219 0.131455
312 309 -0.730434
312 311 -0.10398
312 312 4.7113
312 365 -1.76596
312 368 -1.81128
313 50 -0.0560248
313 86 0.265394
313 100 -0.0250573
313 143 0.176214
313 215 0.198334
313 313 5.97086
313 314 -1.10591
313 316 0.20574
313 369 -2.39935
313 370 -2.42446
314 29 0.295647
314 85 0.0421973
314 86 -1.08434
314 100 -1.04323
314 214 -0.179013
314 215 0.138882
314 216 -0.98192
314 313 -1.10591
314 314 4.55618
314 315 0.0896819
314 370 -0.466647
314 371 -0.430455
315 20 -0.0247218
315 29 0.220774
315 50 0.267172
315 85 -0.0416624
315 86 -0.0264369
315 100 -0.00459715
315 144 0.153966
315 213 0.087234
315 214 -0.91726
315 216 0.176065
315 314 0.0896819
315 315 5.43655
315 316 -1.05251
315 371 -2.19058
315 372 -2.15545
316 20 0.0223701
316 50 -0.987491
316 85 0.308572
316 100 -1.02791
316 143 -1.19569
316 144 0.1545
316 213 -0.156638
316 313 0.20574
316 315 -1.05251
316 316 4.69767
316 369 -0.603981
316 372 -0.557721
317 34 0.227942
317 86 -0.0330465
317 101 0.111509
317 111 0.242551
317 215 0.220445
317 317 6.01705
317 318 0.0799224
317 320 -0.982415
317 373 -2.63202
317 374 -2.58655
318 29 0.06054
318 86 -1.10475
318 87 0.286654
318 101 -1.14639
318 215 -1.03652
318 216 0.0321837
318 218 -0.201388
318 317 0.0799224
318 318 4.47063
318 319 -0.926814
318 374 -0.34594
318 375 -0.317152
319 12 0.188706
319 29 -0.00421966
319 34 -0.00767517
319 86 0.224609
319 87 0.086681
319 101 0.124443
319 112 0.220254
319 216 0.19816
319 217 -0.815228
319 218 -0.0271453
319 318 -0.926814
319 319 5.56532
319 320 -0.0197316
319 375 -2.36731
319 376 -2.41834
320 12 0.280699
320 34 -1.21269
320 87 0.0777475
320 101 -1.17066
320 111 0.0269348
320 112 -0.883614
320 217 -0.223762
320 317 -0.982415
320 319 -0.0197316
320 320 4.42754
320 373 -0.237748
320 376 -0.214545
321 0 0.202708
321 12 0.103145
321 32 0.11143
321 35 -1.02655
321 87 0.241228
321 102 -0.984155
321 107 -0.179681
321 113 -0.168494
321 114 -0.604071
321 217 -0.201726
321 321 3.99153
321 322 -0.675116
321 324 -0.202328
321 377 -0.294211
321 378 -0.288537
322 12 0.0188624
322 29 0.187018
322 35 0.156538
322 87 0.0910904
322 88 0.0219163
322 102 0.0524019
322 113 0.197942
322 217 -0.116091
322 218 -0.769042
322 220 0.175855
322 321 -0.675116
322 322 5.20723
322 323 -0.121468
322 378 -2.2291
322 379 -2.1746
323 11 0.095141
323 29 0.246941
323 32 0.206245
323 87 0.0868326
323 88 -0.914224
323 102 -0.956328
323 108 -0.157317
323 218 -0.179358
323 219 -0.15513
323 220 -0.714333
323 322 -0.121468
323 323 3.99542
323 324 -0.636998
323 379 -0.384189
323 380 -0.3878
324 0 0.130047
324 11 0.0459312
324 32 0.0106247
324 35 0.0433107
324 88 0.156532
324 102 0.0500568
324 107 -0.556659
324 108 -0.205717
324 114 0.175617
324 219 0.153536
324 321 -0.202328
324 323 -0.636998
324 324 4.92335
324 377 -2.05934
324 380 -2.00279
325 0 -0.00208333
325 35 0.555556
325 36 0.555556
325 89 -0.00208333
325 114 -1.99167
325 115 -1.99167
325 325 6.92222
325 326 -1.99167
325 327 -1.99167
326 12 -0.00208333
326 35 -2
326 36 -0.00208333
326 89 -2
326 113 0.563889
326 221 -1.99167
326 325 -1.99167
326 326 6.92222
326 327 0.563889
327 13 -0.00208333
327 35 -0.00208333
327 36 -2
327 89 -2
327 116 0.563889
327 222 -1.99167
327 325 -1.99167
327 326 0.563889
327 327 6.92222
328 34 -2
328 90 -0.00208333
328 111 0.563889
328 328 6.92222
328 329 -1.99167
328 330 0.563889
329 12 -0.00208333
329 34 0.555556
329 90 0.555556
329 112 -1.99167
329 223 -1.99167
329 328 -1.99167
329 329 6.92222
329 330 -1.99167
330 34 -0.00208333
330 90 -2
330 224 0.563889
330 328 0.563889
330 329 -1.99167
330 330 6.92222
331 37 -2
331 91 -0.00208333
331 118 0.563889
331 331 6.92222
331 332 -1.99167
331 333 0.563889
332 13 -0.00208333
332 37 0.555556
332 91 0.555556
332 117 -1.99167
332 225 -1.99167
332 331 -1.99167
332 332 6.92222
332 333 -1.99167
333 37 -0.00208333
333 91 -2
333 226 0.563889
333 331 0.563889
333 332 -1.99167
333 333 6.92222
334 12 -0.00208333
334 89 -2
334 90 -2
334 91 -0.00208333
334 221 -1.99167
334 223 0.563889
334 334 6.92222
334 335 -1.99167
334 336 0.563889
335 89 -0.00208333
335 90 0.555556
335 91 0.555556
335 224 -1.99167
335 226 -1.99167
335 334 -1.99167
335 335 6.92222
335 336 -1.99167
336 13 -0.00208333
336 89 -2
336 90 -0.00208333
336 91 -2
336 222 -1.99167
336 225 0.563889
336 334 0.563889
336 335 -1.99167
336 336 6.92222
337 0 -0.000694444
337 31 -1
337 32 -1
337 92 -0.000694444
337 106 -0.663889
337 107 -0.663889
337 337 4.67778
337 338 -0.663889
337 339 -0.663889
338 10 -0.000694444
338 31 -0.666667
338 32 -0.000694444
338 92 -0.666667
338 105 -0.997222
338 227 -0.663889
338 337 -0.663889
338 338 4.67778
338 339 -0.997222
339 11 -0.000694444
339 31 -0.000694444
339 32 -0.666667
339 92 -0.666667
339 108 -0.997222
339 228 -0.663889
339 337 -0.663889
339 338 -0.997222
339 339 4.67778
340 1 -0.000694444
340 30 -0.666667
340 41 -0.666667
340 93 -0.000694444
340 103 -0.997222
340 126 -0.663889
340 340 4.67778
340 341 -0.663889
340 342 -0.997222
341 10 -0.000694444
341 30 -1
341 41 -0.000694444
341 93 -1
341 104 -0.663889
341 229 -0.663889
341 340 -0.663889
341 341 4.67778
341 342 -0.663889
342 15 -0.000694444
342 30 -0.000694444
342 41 -0.666667
342 93 -0.666667
342 125 -0.663889
342 230 -0.997222
342 340 -0.997222
342 341 -0.663889
342 342 4.67778
343 2 -0.000694444
343 33 -0.666667
343 40 -0.666667
343 94 -0.000694444
343 110 -0.997222
343 123 -0.663889
343 343 4.67778
343 344 -0.663889
343 345 -0.997222
344 11 -0.000694444
344 33 -1
344 40 -0.000694444
344 94 -1
344 109 -0.663889
344 231 -0.663889
344 343 -0.663889
344 344 4.67778
344 345 -0.663889
345 15 -0.000694444
345 33 -0.000694444
345 40 -0.666667
345 94 -0.666667
345 124 -0.663889
345 232 -0.997222
345 343 -0.997222
345 344 -0.663889
345 345 4.67778
346 10 -0.000694444
346 92 -0.666667
346 93 -0.666667
346 94 -0.000694444
346 227 -0.663889
346 229 -0.997222
346 346 4.67778
346 347 -0.663889
346 348 -0.997222
347 15 -0.000694444
347 92 -0.000694444
347 93 -1
347 94 -1
347 230 -0.663889
347 232 -0.663889
347 346 -0.663889
347 347 4.67778
347 348 -0.663889
348 11 -0.000694444
348 92 -0.666667
348 93 -0.000694444
348 94 -0.666667
348 228 -0.663889
348 231 -0.997222
348 346 -0.997222
348 347 -0.663889
348 348 4.67778
349 43 -1.64396
349 95 0.405222
349 130 -2.64773
349 293 -0.675917
349 296 -2.69213
349 349 8.95815
350 16 -2.05124
350 43 0.561841
350 81 0.593684
350 95 -1.70276
350 129 -3.02506
350 205 -0.839232
350 293 -0.804839
350 294 -3.05436
350 350 10.3463
351 28 0.491469
351 81 -1.85358
351 84 -1.56744
351 95 0.460842
351 206 -0.627201
351 212 -3.08027
351 294 -3.03719
351 295 -0.609028
351 351 9.85018
352 84 0.323062
352 95 -1.50506
352 211 -2.75481
352 295 -0.506447
352 296 -2.70118
352 352 8.67419
353 1 -3.45101
353 30 1.17175
353 42 1.11809
353 96 -2.70335
353 103 -1.59108
353 127 -4.19336
353 297 -4.1499
353 300 -1.44031
353 353 15.2565
354 10 0.975335
354 30 -2.96195
354 82 -2.40771
354 96 0.926986
354 104 -1.17671
354 207 -4.00545
354 297 -4.00919
354 298 -1.07627
354 354 13.7558
355 28 -1.929
355 81 0.663631
355 82 0.701843
355 96 -2.31778
355 206 -0.784895
355 208 -3.48432
355 298 -0.835541
355 299 -3.45854
355 355 11.4689
356 16 0.797003
356 42 -2.61742
356 81 -2.12325
356 96 0.837914
356 128 -3.51659
356 205 -1.0415
356 299 -3.52003
356 300 -1.11988
356 356 12.3246
357 0 0.714042
357 31 -2.39859
357 39 -2.03968
357 97 0.672278
357 106 -0.631993
357 122 -3.95463
357 301 -3.91834
357 304 -0.584757
357 357 12.1695
358 10 -2.63279
358 31 0.829089
358 82 0.784508
358 97 -2.19636
358 105 -0.870921
358 207 -3.93108
358 301 -3.95155
358 302 -0.802226
358 358 12.7956
359 28 0.558214
359 82 -2.10512
359 83 -1.7854
359 97 0.594409
359 208 -3.46073
359 210 -0.580544
359 302 -0.612559
359 303 -3.5011
359 359 10.9206
360 14 -1.67653
360 39 0.506006
360 83 0.471374
360 97 -1.94836
360 121 -3.5531
360 209 -0.411207
360 303 -3.50267
360 304 -0.430041
360 360 10.5758
361 38 0.191554
361 98 -1.32012
361 119 -2.94204
361 305 -0.236707
361 308 -2.8769
361 361 8.45873
362 14 0.335243
362 38 -1.38639
362 83 -1.59851
362 98 0.306311
362 120 -3.22188
362 209 -0.305435
362 305 -0.306956
362 306 -3.1625
362 362 9.37484
363 28 -1.70824
363 83 0.407118
363 84 0.377433
363 98 -1.46511
363 210 -0.453138
363 212 -3.08682
363 306 -3.1394
363 307 -0.446344
363 363 9.54575
364 84 -1.4004
364 98 0.252938
364 211 -2.77991
364 307 -0.362395
364 308 -2.84015
364 364 8.51958
365 2 -0.0801042
365 33 -0.658248
365 51 -0.767574
365 99 -0.0708353
365 110 -0.646353
365 146 -1.70083
365 309 -0.599763
365 312 -1.76596
365 365 6.33134
366 20 -0.917163
366 51 0.0095783
366 85 0.0217146
366 99 -0.787169
366 145 -1.88437
366 213 -0.564271
366 309 -0.60289
366 310 -1.94726
366 366 6.71002
367 29 -0.0356251
367 85 -0.849278
367 88 -0.732519
367 99 -0.0486015
367 214 -0.447185
367 220 -2.05567
367 310 -1.98868
367 311 -0.488221
367 367 6.68745
368 11 -0.608942
368 33 -0.135443
368 88 -0.125177
368 99 -0.708258
368 109 -0.537071
368 219 -1.87988
368 311 -0.489006
368 312 -1.81128
368 368 6.3402
369 50 0.23405
369 100 -1.13986
369 143 -2.34576
369 313 -2.39935
369 316 -0.603981
369 369 7.9611
370 86 -1.06249
370 100 0.163949
370 215 -2.48467
370 313 -2.42446
370 314 -0.466647
370 370 7.80686
371 29 -0.881312
371 85 0.0500149
371 86 0.0661965
371 100 -1.02163
371 214 -0.462467
371 216 -2.25495
371 314 -0.430455
371 315 -2.19058
371 371 7.16338
372 20 0.112788
372 50 -1.10324
372 85 -0.94471
372 100 0.128367
372 144 -2.09614
372 213 -0.585869
372 315 -2.15545
372 316 -0.557721
372 372 7.23669
373 34 -0.95533
373 101 0.0477603
373 111 -2.70088
373 317 -2.63202
373 320 -0.237748
373 373 7.75579
374 86 0.102583
374 101 -1.00235
374 215 -2.52142
374 317 -2.58655
374 318 -0.34594
374 374 7.74629
375 29 -0.00598005
375 86 -0.958215
375 87 -0.831546
375 101 0.010704
375 216 -2.29908
375 218 -0.35202
375 318 -0.317152
375 319 -2.36731
375 375 7.16227
376 12 -0.792394
376 34 -0.0396556
376 87 -0.0567648
376 101 -0.908589
376 112 -2.48958
376 217 -0.251569
376 319 -2.41834
376 320 -0.214545
376 376 7.21658
377 0 -0.537896
377 32 -0.232844
377 35 -0.220984
377 102 -0.623543
377 107 -0.344063
377 114 -2.13291
377 321 -0.294211
377 324 -2.05934
377 377 6.49787
378 12 -0.135216
378 35 -0.654883
378 87 -0.753791
378 102 -0.149513
378 113 -2.30181
378 217 -0.244414
378 321 -0.288537
378 322 -2.2291
378 378 6.80587
379 29 -0.795902
379 87 -0.0875477
379 88 -0.101235
379 102 -0.689202
379 218 -0.341382
379 220 -2.10442
379 322 -2.1746
379 323 -0.384189
379 379 6.72362
380 11 -0.186039
380 32 -0.569456
380 88 -0.66109
380 102 -0.17492
380 108 -0.43691
380 219 -1.93144
380 323 -0.3878
380 324 -2.00279
380 380 6.39906
5.18018
0.868382
2.59522
0
0
0
0
0
0
0
2.59926
6.04889
5.98351
-0.00169271
4.34723
0.000759549
2.60777
-0.000482856
0.00420464
0.00054796
4.30093
0
0
0
0
0
0
0
6.948
10.3072
2.16884
3.02767
6.47765
5.61791
5.52226
6.44385
0.00338542
-0.00677083
4.78485
3.90728
0.000759549
0.000759549
2.17314
3.04111
-0.000645616
-0.000320095
0.00404188
0.0043674
-0.000884332
0.00198025
3.85705
4.74525
0
0
0
0
0
0
0
0
0
0
0
0
0
0
0.00683594
0.00683594
0.00683594
0.00179036
0.00179036
0.00179036
0.000759549
0.000759549
0.000759549
0.00179036
0.00179036
0.00179036
0.00347222
0.00347222
0.00347222
6.08191
6.07355
7.81134
7.81915
9.4568
9.40846
11.153
11.2059
0.0100911
0.0100911
0.0100911
0.000759549
0.000759549
0.000759549
6.95103
5.20991
6.93388
8.68491
10.3493
8.56482
10.2471
12.0582
14.3166
15.1682
16.0129
16.85
23.7543
22.9063
22.0502
21.1869
41.2412
42.3201
43.3729
44.3974
62.1495
62.1038
62.0073
61.86
41.2251
40.3338
39.4114
38.46
20.7647
20.7908
20.8116
20.8272
19.539
20.418
21.2872
22.1453
26.0162
26.0339
26.0435
26.045
25.9985
25.9902
25.9737
25.9491
36.0766
36.1663
36.2378
36.291
27.8184
28.7749
29.7226
30.66
0
0
0
0
0
0
0
0
0
0
0
0
0
0
0
0
0
0
0
0
0
0
0
0
0
0
0
0
62.1697
62.3572
62.1202
62.2179
62.4015
62.3117
31.2696
31.2794
31.2631
31.2553
31.2785
31.2609
20.8012
20.822
20.7945
20.801
20.8258
20.8114
31.1068
31.1615
31.0665
31.045
31.1515
31.0754
41.2253
41.3295
41.2045
41.267
41.3688
41.3271
11.2958
13.0302
11.2711
13.0218
16.483
14.7597
16.5051
14.7676
18.0597
19.7644
17.9196
19.7156
23.1473
21.4607
23.3092
21.5132
61.8233
62.0108
61.6893
61.6775
61.9705
61.7713
20.7803
20.7595
20.7945
20.801
20.7633
20.7906
62.2302
62.2062
62.2999
61.9835
62.0583
62.1085
62.4523
62.4333
62.3898
62.2296
62.2771
62.3234
31.2696
31.2719
31.2765
31.2367
31.2521
31.2472
31.2648
31.2735
31.2641
31.2707
31.2677
31.2758
20.8096
20.8062
20.8166
20.7763
20.7862
20.7893
20.8284
20.8279
20.8206
20.8062
20.8096
20.8166
31.1742
31.1427
31.1691
30.9728
31.0219
31.0109
31.1242
31.1391
31.1017
31.0988
31.0883
31.1271
41.2358
41.2358
41.2854
41.1316
41.1733
41.2021
41.4313
41.4024
41.3816
41.2646
41.2983
41.3191
13.0324
13.0333
14.7704
14.7673
9.54647
11.2838
11.292
9.55382
12.9884
13.0078
14.7455
14.7245
18.2329
16.4967
16.5043
18.2383
19.8388
19.8061
21.5557
21.5904
16.2394
17.9737
18.0215
16.2821
19.5892
19.6561
21.4001
21.3278
24.9641
23.2114
23.2646
25.0193
62.0518
61.9432
62.0369
61.3846
61.544
61.5486
61.8533
61.919
61.8299
61.8182
61.8018
61.9119
20.7471
20.7646
20.7541
20.8179
20.807
20.8101
20.7659
20.7654
20.7789
20.7854
20.7888
20.775
27.794
24.3289
27.8013
31.2728
17.3631
20.8182
24.3144
20.85
27.6862
24.2603
27.768
31.2081
38.2047
34.7169
31.2649
34.7439
41.4555
37.8984
41.3202
44.9005
30.7903
34.16
37.7379
34.3415
40.8373
37.5099
41.1167
44.4752
51.7393
48.1118
44.7256
48.3294
